HMMER3/f [3.1b1 | May 2013]
NAME  NOG.ENOG4111VHI.meta_raw
LENG  87
ALPH  amino
RF    no
MM    no
CONS  yes
CS    no
MAP   yes
DATE  Sat Apr 18 04:27:12 2015
NSEQ  160
EFFN  0.971680
CKSUM 628988120
STATS LOCAL MSV       -9.3714  0.71838
STATS LOCAL VITERBI   -9.8247  0.71838
STATS LOCAL FORWARD   -4.1485  0.71838
HMM          A        C        D        E        F        G        H        I        K        L        M        N        P        Q        R        S        T        V        W        Y   
            m->m     m->i     m->d     i->m     i->i     d->m     d->d
  COMPO   2.54506  4.63957  3.01398  2.62596  3.67599  2.95105  3.44266  2.77108  2.39326  2.61012  3.77678  3.11577  3.73464  3.07496  2.58959  2.68471  2.70499  2.62355  5.17939  3.58594
          2.68655  4.42125  2.77580  2.73161  3.46231  2.40531  3.72296  3.29286  2.67729  2.69356  4.24409  2.90340  2.73780  3.18136  2.89776  2.37883  2.77571  2.98561  4.58536  3.61520
          0.22609  1.64862  4.60138  2.84473  0.05991  0.00000        *
      1   2.82377  4.33235  4.08048  3.35034  3.29155  3.91168  4.21341  2.37852  3.30643  1.84651  1.69665  3.81153  4.26003  3.65414  3.59579  3.20716  3.05894  2.06858  4.96301  3.78240     47 m - - -
          2.68618  4.42225  2.77519  2.73123  3.46354  2.40513  3.72494  3.29354  2.67741  2.69355  4.24690  2.90347  2.73739  3.18146  2.89801  2.37887  2.77519  2.98518  4.58477  3.61503
          0.03317  4.16970  4.06481  0.61958  0.77255  0.48874  0.95036
      2   2.68560  5.00256  3.01946  2.41529  4.07398  3.46485  2.71357  3.73694  1.77444  3.21070  3.85273  2.93719  3.84977  2.44869  2.55883  2.68160  2.88816  3.37413  5.43757  4.10090     48 k - - -
          2.68618  4.42225  2.77519  2.73123  3.46354  2.40513  3.72494  3.29354  2.67741  2.69355  4.24690  2.90347  2.73739  3.18146  2.89801  2.37887  2.77519  2.98518  4.58477  3.61503
          0.02718  4.15999  4.49094  0.61958  0.77255  0.50051  0.93197
      3   2.80804  5.38541  1.49709  1.85144  4.69017  2.83448  3.74059  4.18651  2.59246  3.68191  4.48189  2.75386  3.80921  2.88052  3.11760  2.73098  3.12047  3.68144  5.84158  4.38159     49 d - - -
          2.68618  4.42225  2.77519  2.73123  3.46354  2.40513  3.72494  3.29354  2.67741  2.69355  4.24690  2.90347  2.73739  3.18146  2.89801  2.37887  2.77519  2.98518  4.58477  3.61503
          0.02355  4.15635  4.87870  0.61958  0.77255  0.50485  0.92532
      4   2.66374  4.69391  2.82324  2.53694  3.80090  3.47736  3.52254  3.26634  2.56474  2.91222  3.78565  2.90635  3.88979  2.83053  2.93232  2.74152  2.78671  3.00818  5.15929  1.97228     50 y - - -
          2.68618  4.42225  2.77519  2.73123  3.46354  2.40513  3.72494  3.29354  2.67741  2.69355  4.24690  2.90347  2.73739  3.18146  2.89801  2.37887  2.77519  2.98518  4.58477  3.61503
          0.02355  4.15635  4.87870  0.61958  0.77255  0.50002  0.93272
      5   2.76179  4.30289  3.73713  3.44284  3.46333  3.82443  4.22629  1.27696  3.34897  2.33308  3.31622  3.74798  3.60678  3.64743  3.61629  3.14042  3.02135  2.04629  5.06810  3.84946     51 i - - -
          2.68618  4.42225  2.77519  2.73123  3.46354  2.40513  3.72494  3.29354  2.67741  2.69355  4.24690  2.90347  2.73739  3.18146  2.89801  2.37887  2.77519  2.98518  4.58477  3.61503
          0.02349  4.15881  4.88115  0.61958  0.77255  0.50193  0.92979
      6   2.68447  5.04252  2.98700  1.83906  4.36042  3.45412  3.60427  3.68942  1.91204  3.29106  4.09840  2.91266  3.84170  2.60193  2.45347  2.67088  2.90626  3.42124  4.80779  4.06965     52 e - - -
          2.68618  4.42225  2.77519  2.73123  3.46354  2.40513  3.72494  3.29354  2.67741  2.69355  4.24690  2.90347  2.73739  3.18146  2.89801  2.37887  2.77519  2.98518  4.58477  3.61503
          0.02349  4.15881  4.88115  0.61958  0.77255  0.50193  0.92979
      7   2.81073  5.27409  2.50528  1.42532  4.59370  3.38794  3.68329  4.06197  2.13189  3.52431  4.34484  2.85516  3.86953  2.59877  2.83495  2.75376  3.05160  3.65599  5.69533  4.29369     53 e - - -
          2.68618  4.42225  2.77519  2.73123  3.46354  2.40513  3.72494  3.29354  2.67741  2.69355  4.24690  2.90347  2.73739  3.18146  2.89801  2.37887  2.77519  2.98518  4.58477  3.61503
          0.02349  4.15881  4.88115  0.61958  0.77255  0.50193  0.92979
      8   3.35880  5.15831  3.88149  3.34427  4.58739  3.77871  4.07427  4.15774  2.40956  3.62168  4.62260  3.67765  4.27483  3.28758  0.61731  3.43435  3.60996  3.87125  5.55841  4.46168     54 R - - -
          2.68618  4.42225  2.77519  2.73123  3.46354  2.40513  3.72494  3.29354  2.67741  2.69355  4.24690  2.90347  2.73739  3.18146  2.89801  2.37887  2.77519  2.98518  4.58477  3.61503
          0.02349  4.15881  4.88115  0.61958  0.77255  0.50193  0.92979
      9   1.73985  3.95965  3.79287  3.27588  3.68038  3.37043  4.12797  2.74084  3.20668  2.70684  3.63129  3.51043  3.94198  3.49157  3.50578  2.63951  2.07254  1.97319  5.15734  3.94619     55 a - - -
          2.68618  4.42225  2.77519  2.73123  3.46354  2.40513  3.72494  3.29354  2.67741  2.69355  4.24690  2.90347  2.73739  3.18146  2.89801  2.37887  2.77519  2.98518  4.58477  3.61503
          0.02349  4.15881  4.88115  0.61958  0.77255  0.50193  0.92979
     10   2.79142  4.03324  4.47259  3.64548  3.37173  4.07629  4.44331  1.57144  3.78070  1.75496  3.16905  4.09597  4.40892  3.99856  3.94750  3.38993  3.06656  1.60618  5.04609  3.86208     56 i - - -
          2.68618  4.42225  2.77519  2.73123  3.46354  2.40513  3.72494  3.29354  2.67741  2.69355  4.24690  2.90347  2.73739  3.18146  2.89801  2.37887  2.77519  2.98518  4.58477  3.61503
          0.02344  4.16104  4.88338  0.61958  0.77255  0.50193  0.92979
     11   2.53522  5.03837  2.69409  1.97066  4.34965  3.37306  3.59065  3.70066  1.99741  3.17237  4.04753  2.88130  3.79455  2.60408  2.72003  2.56932  2.81167  3.29577  5.48951  4.10421     57 e - - -
          2.68618  4.42225  2.77519  2.73123  3.46354  2.40513  3.72494  3.29354  2.67741  2.69355  4.24690  2.90347  2.73739  3.18146  2.89801  2.37887  2.77519  2.98518  4.58477  3.61503
          0.02344  4.16104  4.88338  0.61958  0.77255  0.50193  0.92979
     12   2.69887  4.25155  4.41846  3.71016  3.20571  4.05909  4.41821  1.36835  3.73349  1.94029  3.19063  4.06067  4.39346  3.95741  3.91397  3.31703  3.06521  1.77426  5.04038  3.85372     58 i - - -
          2.68618  4.42225  2.77519  2.73123  3.46354  2.40513  3.72494  3.29354  2.67741  2.69355  4.24690  2.90347  2.73739  3.18146  2.89801  2.37887  2.77519  2.98518  4.58477  3.61503
          0.02344  4.16104  4.88338  0.61958  0.77255  0.50193  0.92979
     13   1.42169  3.66492  3.81225  3.42924  4.32839  1.55098  4.37047  3.72551  3.39806  3.43083  4.25161  3.47209  3.76017  3.66664  3.68486  2.21369  2.71346  3.18023  5.69189  4.50857     59 a - - -
          2.68618  4.42225  2.77519  2.73123  3.46354  2.40513  3.72494  3.29354  2.67741  2.69355  4.24690  2.90347  2.73739  3.18146  2.89801  2.37887  2.77519  2.98518  4.58477  3.61503
          0.02344  4.16104  4.88338  0.61958  0.77255  0.50193  0.92979
     14   2.52307  5.05759  2.87671  2.15170  4.37697  3.40825  3.51618  3.83587  2.05974  3.24411  4.10817  2.45064  3.80279  2.53835  2.51088  2.61236  2.78874  3.43504  5.49923  3.86230     60 k - - -
          2.68618  4.42225  2.77519  2.73123  3.46354  2.40513  3.72494  3.29354  2.67741  2.69355  4.24690  2.90347  2.73739  3.18146  2.89801  2.37887  2.77519  2.98518  4.58477  3.61503
          0.02344  4.16104  4.88338  0.61958  0.77255  0.50193  0.92979
     15   2.82605  3.92983  3.90650  3.36329  2.64754  3.81127  3.33448  2.76633  3.25259  2.45083  3.49223  3.61748  4.17997  3.50945  3.50748  3.09193  2.98194  2.66192  4.31455  1.43446     61 y - - -
          2.68618  4.42225  2.77519  2.73123  3.46354  2.40513  3.72494  3.29354  2.67741  2.69355  4.24690  2.90347  2.73739  3.18146  2.89801  2.37887  2.77519  2.98518  4.58477  3.61503
          0.02344  4.16104  4.88338  0.61958  0.77255  0.50193  0.92979
     16   3.26263  4.56093  4.95460  4.42437  3.38252  4.61499  5.04586  0.96224  4.28172  1.80718  2.95591  4.65663  4.85388  4.48962  4.44240  3.98590  3.50745  1.81407  5.44467  4.28470     62 i - - -
          2.68618  4.42225  2.77519  2.73123  3.46354  2.40513  3.72494  3.29354  2.67741  2.69355  4.24690  2.90347  2.73739  3.18146  2.89801  2.37887  2.77519  2.98518  4.58477  3.61503
          0.02344  4.16104  4.88338  0.61958  0.77255  0.50193  0.92979
     17   2.82789  4.24938  4.69511  4.13708  3.44922  4.28240  4.68876  1.49281  4.02147  1.91405  3.12747  4.32465  4.58695  4.23010  4.17943  3.61400  3.23101  1.31755  5.22914  3.92024     63 v - - -
          2.68618  4.42225  2.77519  2.73123  3.46354  2.40513  3.72494  3.29354  2.67741  2.69355  4.24690  2.90347  2.73739  3.18146  2.89801  2.37887  2.77519  2.98518  4.58477  3.61503
          0.02344  4.16104  4.88338  0.61958  0.77255  0.50193  0.92979
     18   2.71147  5.25241  2.21862  1.54784  4.56753  3.29048  3.66673  4.04991  2.25952  3.54208  4.31709  2.79585  3.83750  2.77370  2.82519  2.65783  2.98697  3.62994  5.69021  4.21380     64 e - - -
          2.68618  4.42225  2.77519  2.73123  3.46354  2.40513  3.72494  3.29354  2.67741  2.69355  4.24690  2.90347  2.73739  3.18146  2.89801  2.37887  2.77519  2.98518  4.58477  3.61503
          0.02344  4.16104  4.88338  0.61958  0.77255  0.50193  0.92979
     19   2.62723  4.89294  2.93875  2.30929  4.15316  3.42397  3.23015  3.58121  2.33822  3.15985  3.96110  2.63854  3.82297  2.73950  2.82978  2.37398  2.17192  3.23844  5.37826  3.63336     65 t - - -
          2.68618  4.42225  2.77519  2.73123  3.46354  2.40513  3.72494  3.29354  2.67741  2.69355  4.24690  2.90347  2.73739  3.18146  2.89801  2.37887  2.77519  2.98518  4.58477  3.61503
          0.02344  4.16104  4.88338  0.61958  0.77255  0.50193  0.92979
     20   2.73432  5.10913  2.95984  2.40180  4.45426  3.12118  3.59389  3.89120  1.90062  3.38748  4.17118  2.44644  3.86447  2.68380  2.05827  2.53454  2.95494  3.50464  5.52102  4.18008     66 k - - -
          2.68618  4.42225  2.77519  2.73123  3.46354  2.40513  3.72494  3.29354  2.67741  2.69355  4.24690  2.90347  2.73739  3.18146  2.89801  2.37887  2.77519  2.98518  4.58477  3.61503
          0.02344  4.16104  4.88338  0.61958  0.77255  0.50193  0.92979
     21   1.86301  4.78277  2.82990  2.37411  4.16069  3.41541  3.48843  3.58772  2.19550  3.13269  3.97214  2.78359  3.82548  2.78313  2.88337  2.51425  2.80671  3.24357  5.38955  4.04149     67 a - - -
          2.68618  4.42225  2.77519  2.73123  3.46354  2.40513  3.72494  3.29354  2.67741  2.69355  4.24690  2.90347  2.73739  3.18146  2.89801  2.37887  2.77519  2.98518  4.58477  3.61503
          0.02344  4.16104  4.88338  0.61958  0.77255  0.50193  0.92979
     22   2.59680  4.43909  3.71631  3.49460  4.25557  3.26572  4.48577  3.41969  3.44342  3.27252  4.31206  3.64803  3.99587  3.82554  3.68102  2.80232  0.76239  3.08183  5.66653  4.47530     68 t - - -
          2.68618  4.42225  2.77519  2.73123  3.46354  2.40513  3.72494  3.29354  2.67741  2.69355  4.24690  2.90347  2.73739  3.18146  2.89801  2.37887  2.77519  2.98518  4.58477  3.61503
          0.02344  4.16104  4.88338  0.61958  0.77255  0.50193  0.92979
     23   3.13752  4.48195  4.82790  4.36369  3.68064  4.42411  5.09426  1.68727  4.23381  2.20669  3.50591  4.56033  4.79425  4.52904  4.43554  3.83548  3.42454  0.84321  5.63984  4.40426     69 v - - -
          2.68618  4.42225  2.77519  2.73123  3.46354  2.40513  3.72494  3.29354  2.67741  2.69355  4.24690  2.90347  2.73739  3.18146  2.89801  2.37887  2.77519  2.98518  4.58477  3.61503
          0.02344  4.16104  4.88338  0.61958  0.77255  0.50193  0.92979
     24   3.36186  5.16089  3.88482  3.34732  4.59057  3.78112  4.07661  4.16123  2.41140  3.62477  4.62575  3.68046  4.27725  3.28992  0.61501  3.43739  3.61294  3.87467  5.56075  4.46453     70 R - - -
          2.68618  4.42225  2.77519  2.73123  3.46354  2.40513  3.72494  3.29354  2.67741  2.69355  4.24690  2.90347  2.73739  3.18146  2.89801  2.37887  2.77519  2.98518  4.58477  3.61503
          0.02344  4.16104  4.88338  0.61958  0.77255  0.50193  0.92979
     25   2.43427  4.87604  2.94987  2.34507  4.13717  3.42815  3.62843  3.56148  2.23741  3.14348  3.90438  2.90179  3.82278  2.14220  2.84212  2.55971  2.65838  2.81857  5.36458  3.96939     71 q - - -
          2.68618  4.42225  2.77519  2.73123  3.46354  2.40513  3.72494  3.29354  2.67741  2.69355  4.24690  2.90347  2.73739  3.18146  2.89801  2.37887  2.77519  2.98518  4.58477  3.61503
          0.02344  4.16104  4.88338  0.61958  0.77255  0.50193  0.92979
     26   2.19840  4.04980  3.95594  3.40340  3.48432  3.71619  4.17560  1.88144  3.32191  2.38361  3.42448  3.68800  4.14729  3.59823  3.59704  3.02722  2.01298  2.04211  5.03985  3.82990     72 i - - -
          2.68618  4.42225  2.77519  2.73123  3.46354  2.40513  3.72494  3.29354  2.67741  2.69355  4.24690  2.90347  2.73739  3.18146  2.89801  2.37887  2.77519  2.98518  4.58477  3.61503
          0.02344  4.16104  4.88338  0.61958  0.77255  0.50193  0.92979
     27   0.66643  4.36282  3.78159  3.59827  4.36530  3.17749  4.58240  3.53602  3.62273  3.40333  4.41106  3.66658  3.94498  3.93857  3.84592  2.71462  3.01259  3.13887  5.76252  4.59904     73 A - - -
          2.68618  4.42225  2.77519  2.73123  3.46354  2.40513  3.72494  3.29354  2.67741  2.69355  4.24690  2.90347  2.73739  3.18146  2.89801  2.37887  2.77519  2.98518  4.58477  3.61503
          0.02344  4.16104  4.88338  0.61958  0.77255  0.50193  0.92979
     28   2.56581  5.05343  2.82997  2.37824  4.37664  3.39665  3.61780  3.81434  1.59228  3.33364  4.11856  2.89476  3.84630  2.70707  2.44624  2.62715  2.85678  3.35525  5.49059  4.14121     74 k - - -
          2.68618  4.42225  2.77519  2.73123  3.46354  2.40513  3.72494  3.29354  2.67741  2.69355  4.24690  2.90347  2.73739  3.18146  2.89801  2.37887  2.77519  2.98518  4.58477  3.61503
          0.02344  4.16104  4.88338  0.61958  0.77255  0.50193  0.92979
     29   2.43864  4.76883  3.03448  2.12415  3.99834  3.44817  3.62909  3.11029  2.20370  3.00944  3.74798  2.92871  3.83764  2.68999  2.84982  2.65771  2.82020  2.56577  5.27650  3.93126     75 e - - -
          2.68618  4.42225  2.77519  2.73123  3.46354  2.40513  3.72494  3.29354  2.67741  2.69355  4.24690  2.90347  2.73739  3.18146  2.89801  2.37887  2.77519  2.98518  4.58477  3.61503
          0.02344  4.16104  4.88338  0.61958  0.77255  0.50193  0.92979
     30   3.26516  4.67090  4.52439  4.07297  1.05810  4.25519  4.03684  2.64307  3.90668  1.95597  3.26849  4.15605  4.59283  4.06886  4.04482  3.61143  3.34771  2.64558  4.31160  2.68941     76 f - - -
          2.68618  4.42225  2.77519  2.73123  3.46354  2.40513  3.72494  3.29354  2.67741  2.69355  4.24690  2.90347  2.73739  3.18146  2.89801  2.37887  2.77519  2.98518  4.58477  3.61503
          0.02344  4.16104  4.88338  0.61958  0.77255  0.49477  0.94087
     31   2.76318  4.92402  2.57101  2.46583  4.42152  1.29855  3.80385  3.88285  2.64181  3.47488  4.32457  2.89528  3.90354  2.99876  3.11768  2.76693  3.08897  3.49508  5.67606  4.32400     77 g - - -
          2.68618  4.42225  2.77519  2.73123  3.46354  2.40513  3.72494  3.29354  2.67741  2.69355  4.24690  2.90347  2.73739  3.18146  2.89801  2.37887  2.77519  2.98518  4.58477  3.61503
          0.02335  4.16466  4.88700  0.61958  0.77255  0.49757  0.93651
     32   2.95712  3.89893  4.64804  4.09702  3.48813  4.22887  4.66101  1.61400  3.97607  2.21970  3.35069  4.28092  4.55963  4.20612  4.14554  3.56532  3.20620  1.10039  5.23310  3.74992     78 v - - -
          2.68618  4.42225  2.77519  2.73123  3.46354  2.40513  3.72494  3.29354  2.67741  2.69355  4.24690  2.90347  2.73739  3.18146  2.89801  2.37887  2.77519  2.98518  4.58477  3.61503
          0.02335  4.16466  4.88700  0.61958  0.77255  0.49757  0.93651
     33   2.48527  4.40410  3.49054  3.33081  4.38437  3.13005  4.42674  3.95224  3.42512  3.65307  4.56067  3.49989  3.89511  3.75251  3.69425  0.72270  2.98919  3.42108  5.73475  4.47271     79 s - - -
          2.68618  4.42225  2.77519  2.73123  3.46354  2.40513  3.72494  3.29354  2.67741  2.69355  4.24690  2.90347  2.73739  3.18146  2.89801  2.37887  2.77519  2.98518  4.58477  3.61503
          0.02335  4.16466  4.88700  0.61958  0.77255  0.49757  0.93651
     34   3.26661  5.21862  3.46051  3.03988  4.67310  3.71217  3.95871  4.12384  0.69731  3.62977  4.58512  3.44754  4.19978  3.14051  2.53513  3.29518  3.50271  3.81872  5.61412  4.47441     80 k - - -
          2.68618  4.42225  2.77519  2.73123  3.46354  2.40513  3.72494  3.29354  2.67741  2.69355  4.24690  2.90347  2.73739  3.18146  2.89801  2.37887  2.77519  2.98518  4.58477  3.61503
          0.02335  4.16466  4.88700  0.61958  0.77255  0.48428  0.95748
     35   2.39272  4.33300  3.45241  3.27258  4.40054  3.07016  4.37984  3.87482  3.35359  3.59593  4.48010  3.43171  3.83926  3.67909  3.63344  0.80953  2.81619  3.33519  5.77181  4.50219     81 s - - -
          2.68618  4.42225  2.77519  2.73123  3.46354  2.40513  3.72494  3.29354  2.67741  2.69355  4.24690  2.90347  2.73739  3.18146  2.89801  2.37887  2.77519  2.98518  4.58477  3.61503
          0.02319  4.17137  4.89371  0.61958  0.77255  0.48350  0.95874
     36   2.60699  4.44900  3.73157  3.51172  4.27078  3.27489  4.50143  3.43677  3.46084  3.28907  4.32843  3.66201  4.00641  3.84241  3.69707  2.81275  0.74684  3.09722  5.68033  4.49079     82 t - - -
          2.68618  4.42225  2.77519  2.73123  3.46354  2.40513  3.72494  3.29354  2.67741  2.69355  4.24690  2.90347  2.73739  3.18146  2.89801  2.37887  2.77519  2.98518  4.58477  3.61503
          0.02312  4.17432  4.89667  0.61958  0.77255  0.48576  0.95510
     37   2.88613  4.38618  4.53536  4.02738  3.64957  4.21841  4.75072  1.70557  3.69989  2.31657  3.50219  4.26065  4.59258  4.19800  4.11179  3.57930  3.26129  0.97353  5.43395  4.21877     83 v - - -
          2.68618  4.42225  2.77519  2.73123  3.46354  2.40513  3.72494  3.29354  2.67741  2.69355  4.24690  2.90347  2.73739  3.18146  2.89801  2.37887  2.77519  2.98518  4.58477  3.61503
          0.02312  4.17432  4.89667  0.61958  0.77255  0.48576  0.95510
     38   3.25250  5.00422  3.64383  3.25205  2.91077  3.84458  0.92985  3.74082  2.90743  3.18195  4.24840  3.59149  4.30477  3.44655  3.15481  3.32331  3.50732  3.52308  4.10901  2.85293     84 h - - -
          2.68618  4.42225  2.77519  2.73123  3.46354  2.40513  3.72494  3.29354  2.67741  2.69355  4.24690  2.90347  2.73739  3.18146  2.89801  2.37887  2.77519  2.98518  4.58477  3.61503
          0.02312  4.17432  4.89667  0.61958  0.77255  0.48576  0.95510
     39   3.06354  5.19980  3.15848  2.75396  4.63815  3.60637  3.77363  4.07340  0.95329  3.56406  4.44136  2.92482  4.07384  2.92716  2.40327  3.06152  3.29124  3.72735  5.59751  4.36121     85 k - - -
          2.68618  4.42225  2.77519  2.73123  3.46354  2.40513  3.72494  3.29354  2.67741  2.69355  4.24690  2.90347  2.73739  3.18146  2.89801  2.37887  2.77519  2.98518  4.58477  3.61503
          0.02312  4.17432  4.89667  0.61958  0.77255  0.48576  0.95510
     40   3.34580  5.48669  0.56619  2.57731  4.91171  3.46839  4.23839  4.57548  3.38570  4.13322  5.12850  3.14505  4.14309  3.48527  3.93512  3.28109  3.69429  4.18562  6.01763  4.74825     86 D - - -
          2.68618  4.42225  2.77519  2.73123  3.46354  2.40513  3.72494  3.29354  2.67741  2.69355  4.24690  2.90347  2.73739  3.18146  2.89801  2.37887  2.77519  2.98518  4.58477  3.61503
          0.02312  4.17432  4.89667  0.61958  0.77255  0.48576  0.95510
     41   2.89568  4.08384  4.51892  3.94229  3.25981  4.11820  4.46113  2.09262  3.81316  1.46982  2.72243  4.13963  4.43190  3.85419  3.96440  3.43122  3.15269  1.51673  5.01193  3.85915     87 l - - -
          2.68618  4.42225  2.77519  2.73123  3.46354  2.40513  3.72494  3.29354  2.67741  2.69355  4.24690  2.90347  2.73739  3.18146  2.89801  2.37887  2.77519  2.98518  4.58477  3.61503
          0.02312  4.17432  4.89667  0.61958  0.77255  0.48576  0.95510
     42   2.27651  4.27750  3.59456  3.24146  4.18431  3.12901  4.25115  3.34414  3.20228  3.24116  4.12264  3.42366  3.83647  3.53556  3.50341  2.24531  1.11479  3.02662  5.57619  4.35554     88 t - - -
          2.68618  4.42225  2.77519  2.73123  3.46354  2.40513  3.72494  3.29354  2.67741  2.69355  4.24690  2.90347  2.73739  3.18146  2.89801  2.37887  2.77519  2.98518  4.58477  3.61503
          0.03060  4.17432  4.21674  0.61958  0.77255  0.48576  0.95510
     43   2.71522  4.89453  2.50499  1.36971  4.40476  3.38023  3.68456  3.84423  2.45762  3.39959  4.19987  2.87516  3.84897  2.82002  2.95468  2.70573  2.94842  3.34895  5.58938  4.12519     89 e - - -
          2.68618  4.42225  2.77519  2.73123  3.46354  2.40513  3.72494  3.29354  2.67741  2.69355  4.24690  2.90347  2.73739  3.18146  2.89801  2.37887  2.77519  2.98518  4.58477  3.61503
          0.02329  4.16702  4.88937  0.61958  0.77255  0.48021  0.96405
     44   3.13313  5.13604  3.58164  3.00043  4.52863  3.70974  3.78060  4.01689  2.06370  3.48309  4.39770  3.28428  4.14587  2.87175  0.92321  3.16705  3.34735  3.70358  5.49536  4.29341     90 r - - -
          2.68618  4.42225  2.77519  2.73123  3.46354  2.40513  3.72494  3.29354  2.67741  2.69355  4.24690  2.90347  2.73739  3.18146  2.89801  2.37887  2.77519  2.98518  4.58477  3.61503
          0.02312  4.17432  4.89667  0.61958  0.77255  0.48576  0.95510
     45   3.43719  4.82873  4.73551  4.31619  3.16510  4.46778  4.86251  2.32724  4.05554  0.66247  3.07843  4.55963  4.78572  4.32690  4.18913  3.94231  3.70647  2.46952  5.21092  3.98586     91 L - - -
          2.68618  4.42225  2.77519  2.73123  3.46354  2.40513  3.72494  3.29354  2.67741  2.69355  4.24690  2.90347  2.73739  3.18146  2.89801  2.37887  2.77519  2.98518  4.58477  3.61503
          0.02312  4.17432  4.89667  0.61958  0.77255  0.48576  0.95510
     46   2.60035  4.11246  3.15684  2.43740  3.80102  3.48665  3.70430  3.06365  2.51181  2.65032  3.63218  3.03998  2.30693  2.87251  2.80188  2.67485  2.83964  2.84695  5.14727  3.85899     92 p - - -
          2.68618  4.42225  2.77519  2.73123  3.46354  2.40513  3.72494  3.29354  2.67741  2.69355  4.24690  2.90347  2.73739  3.18146  2.89801  2.37887  2.77519  2.98518  4.58477  3.61503
          0.02312  4.17432  4.89667  0.61958  0.77255  0.48576  0.95510
     47   2.56189  5.03316  2.88421  2.00202  4.34330  3.39074  3.46796  3.80057  2.09564  3.14697  4.01645  2.81062  3.79969  2.43014  2.67374  2.53810  2.77182  3.38387  5.48393  3.81856     93 e - - -
          2.68618  4.42225  2.77519  2.73123  3.46354  2.40513  3.72494  3.29354  2.67741  2.69355  4.24690  2.90347  2.73739  3.18146  2.89801  2.37887  2.77519  2.98518  4.58477  3.61503
          0.02312  4.17432  4.89667  0.61958  0.77255  0.48576  0.95510
     48   2.98932  4.44132  4.84084  4.30217  3.38834  4.46729  4.92220  1.09274  4.19546  1.85119  3.33163  4.51364  4.74773  4.40843  4.36709  3.81979  3.28019  1.61957  5.41662  4.24640     94 i - - -
          2.68618  4.42225  2.77519  2.73123  3.46354  2.40513  3.72494  3.29354  2.67741  2.69355  4.24690  2.90347  2.73739  3.18146  2.89801  2.37887  2.77519  2.98518  4.58477  3.61503
          0.02312  4.17432  4.89667  0.61958  0.77255  0.48576  0.95510
     49   2.81208  5.28337  2.22717  2.26750  4.58114  3.31934  3.50689  4.06170  2.52156  3.57791  4.38218  1.50024  3.87590  2.81762  3.03191  2.66693  3.08770  3.66182  5.74557  4.31959     95 n - - -
          2.68618  4.42225  2.77519  2.73123  3.46354  2.40513  3.72494  3.29354  2.67741  2.69355  4.24690  2.90347  2.73739  3.18146  2.89801  2.37887  2.77519  2.98518  4.58477  3.61503
          0.02312  4.17432  4.89667  0.61958  0.77255  0.48576  0.95510
     50   2.61397  4.88201  2.96424  2.35057  4.03431  3.45153  3.52894  3.56104  2.27354  3.14989  3.92187  2.98256  1.99402  2.79866  2.74661  2.63702  2.90827  3.23354  5.37422  4.04737     96 p - - -
          2.68618  4.42225  2.77519  2.73123  3.46354  2.40513  3.72494  3.29354  2.67741  2.69355  4.24690  2.90347  2.73739  3.18146  2.89801  2.37887  2.77519  2.98518  4.58477  3.61503
          0.02312  4.17432  4.89667  0.61958  0.77255  0.48576  0.95510
     51   2.51163  4.97665  2.74985  2.01896  4.03636  3.10719  3.52263  3.67141  2.26657  3.19625  3.69027  2.89861  3.70937  2.53391  2.82003  2.44534  2.77631  3.25458  5.27344  4.06844     97 e - - -
          2.68618  4.42225  2.77519  2.73123  3.46354  2.40513  3.72494  3.29354  2.67741  2.69355  4.24690  2.90347  2.73739  3.18146  2.89801  2.37887  2.77519  2.98518  4.58477  3.61503
          0.02312  4.17432  4.89667  0.61958  0.77255  0.48576  0.95510
     52   3.03324  4.50858  4.32251  3.75625  3.23407  4.12773  4.41057  2.24919  3.42603  0.97560  3.08425  4.04451  4.44439  3.83166  3.50047  3.44865  3.26818  2.32256  5.06214  3.88956     98 l - - -
          2.68618  4.42225  2.77519  2.73123  3.46354  2.40513  3.72494  3.29354  2.67741  2.69355  4.24690  2.90347  2.73739  3.18146  2.89801  2.37887  2.77519  2.98518  4.58477  3.61503
          0.02312  4.17432  4.89667  0.61958  0.77255  0.48576  0.95510
     53   1.61173  4.36881  3.51305  2.95826  3.17174  3.60499  3.62326  2.88087  2.89097  2.57470  3.44807  3.34690  3.99359  3.20381  3.23314  2.80941  2.88571  2.65742  4.51882  2.81479     99 a - - -
          2.68618  4.42225  2.77519  2.73123  3.46354  2.40513  3.72494  3.29354  2.67741  2.69355  4.24690  2.90347  2.73739  3.18146  2.89801  2.37887  2.77519  2.98518  4.58477  3.61503
          0.02312  4.17432  4.89667  0.61958  0.77255  0.48576  0.95510
     54   2.38306  4.78156  2.81153  2.25131  4.29238  3.13802  3.55736  3.69070  2.24799  3.15959  3.82458  2.47934  3.76507  2.60781  2.64887  2.43930  2.84155  3.36006  5.45795  4.03759    100 k - - -
          2.68618  4.42225  2.77519  2.73123  3.46354  2.40513  3.72494  3.29354  2.67741  2.69355  4.24690  2.90347  2.73739  3.18146  2.89801  2.37887  2.77519  2.98518  4.58477  3.61503
          0.02312  4.17432  4.89667  0.61958  0.77255  0.48576  0.95510
     55   2.68227  5.15325  2.68220  1.77948  4.48255  3.40662  3.58423  3.94816  2.19266  3.35754  4.20710  2.86823  3.82906  2.17840  2.63697  2.64224  2.93144  3.53737  5.58076  4.19133    101 e - - -
          2.68618  4.42225  2.77519  2.73123  3.46354  2.40513  3.72494  3.29354  2.67741  2.69355  4.24690  2.90347  2.73739  3.18146  2.89801  2.37887  2.77519  2.98518  4.58477  3.61503
          0.02312  4.17432  4.89667  0.61958  0.77255  0.48576  0.95510
     56   2.16292  4.32909  4.34701  3.83834  3.66791  3.95596  4.59523  1.89445  3.74379  2.41430  3.53875  4.05748  4.40922  4.02570  3.98661  3.31856  3.01025  1.14433  5.37054  4.16063    102 v - - -
          2.68618  4.42225  2.77519  2.73123  3.46354  2.40513  3.72494  3.29354  2.67741  2.69355  4.24690  2.90347  2.73739  3.18146  2.89801  2.37887  2.77519  2.98518  4.58477  3.61503
          0.02312  4.17432  4.89667  0.61958  0.77255  0.48576  0.95510
     57   3.05983  5.29470  3.53258  2.82849  4.76480  3.74846  3.47238  4.10434  1.28731  3.51554  4.36557  3.24224  4.09619  2.64958  1.54935  3.09396  3.27108  3.77067  5.54207  4.36957    103 k - - -
          2.68618  4.42225  2.77519  2.73123  3.46354  2.40513  3.72494  3.29354  2.67741  2.69355  4.24690  2.90347  2.73739  3.18146  2.89801  2.37887  2.77519  2.98518  4.58477  3.61503
          0.02312  4.17432  4.89667  0.61958  0.77255  0.48576  0.95510
     58   2.45809  4.91265  2.82580  2.04927  4.30509  3.28372  3.35253  3.65279  2.06376  3.29033  3.98200  2.85270  3.79615  2.55761  2.81818  2.55710  2.75969  3.12145  5.46524  4.03568    104 e - - -
          2.68618  4.42225  2.77519  2.73123  3.46354  2.40513  3.72494  3.29354  2.67741  2.69355  4.24690  2.90347  2.73739  3.18146  2.89801  2.37887  2.77519  2.98518  4.58477  3.61503
          0.02312  4.17432  4.89667  0.61958  0.77255  0.48576  0.95510
     59   3.22861  4.49394  5.06485  4.56244  3.66737  4.67333  5.24725  1.14260  4.45981  2.07320  3.45097  4.76395  4.93625  4.70087  4.63646  4.06558  3.48574  1.17995  5.67920  4.48516    105 i - - -
          2.68618  4.42225  2.77519  2.73123  3.46354  2.40513  3.72494  3.29354  2.67741  2.69355  4.24690  2.90347  2.73739  3.18146  2.89801  2.37887  2.77519  2.98518  4.58477  3.61503
          0.02312  4.17432  4.89667  0.61958  0.77255  0.48576  0.95510
     60   3.40980  4.78221  4.85335  4.36497  3.15801  4.55865  4.92203  2.21080  4.12597  0.71209  3.01257  4.61281  4.81845  4.34653  4.26131  3.96298  3.66476  2.29908  5.24832  4.07693    106 l - - -
          2.68618  4.42225  2.77519  2.73123  3.46354  2.40513  3.72494  3.29354  2.67741  2.69355  4.24690  2.90347  2.73739  3.18146  2.89801  2.37887  2.77519  2.98518  4.58477  3.61503
          0.02312  4.17432  4.89667  0.61958  0.77255  0.48576  0.95510
     61   2.72176  5.55330  1.45303  1.56545  4.84718  3.31395  3.80215  4.36427  2.77217  3.84573  4.66647  2.64050  3.90408  2.88925  3.35607  2.80501  3.23944  3.92654  6.00147  4.50198    107 d - - -
          2.68618  4.42225  2.77519  2.73123  3.46354  2.40513  3.72494  3.29354  2.67741  2.69355  4.24690  2.90347  2.73739  3.18146  2.89801  2.37887  2.77519  2.98518  4.58477  3.61503
          0.02312  4.17432  4.89667  0.61958  0.77255  0.48576  0.95510
     62   2.56787  4.26204  3.45317  2.75782  3.38465  3.56817  3.71667  2.62115  2.68209  2.43071  3.26486  3.29645  3.94778  2.99648  3.02373  2.74293  2.68010  2.37606  4.90619  2.62752    108 v - - -
          2.68618  4.42225  2.77519  2.73123  3.46354  2.40513  3.72494  3.29354  2.67741  2.69355  4.24690  2.90347  2.73739  3.18146  2.89801  2.37887  2.77519  2.98518  4.58477  3.61503
          0.02312  4.17432  4.89667  0.61958  0.77255  0.48576  0.95510
     63   2.89447  5.11943  2.70964  2.48229  4.04940  3.43120  2.34421  3.96385  2.59640  3.49190  4.36098  1.43829  3.96423  3.00370  2.99137  2.88127  3.16963  3.60233  5.38835  3.90770    109 n - - -
          2.68618  4.42225  2.77519  2.73123  3.46354  2.40513  3.72494  3.29354  2.67741  2.69355  4.24690  2.90347  2.73739  3.18146  2.89801  2.37887  2.77519  2.98518  4.58477  3.61503
          0.02312  4.17432  4.89667  0.61958  0.77255  0.48576  0.95510
     64   3.27765  5.22840  3.47209  3.05048  4.68522  3.72128  3.96686  4.13682  0.68773  3.64091  4.59638  3.45744  4.20873  3.14857  2.54041  3.30598  3.51333  3.83140  5.62265  4.48475    110 K - - -
          2.68618  4.42225  2.77519  2.73123  3.46354  2.40513  3.72494  3.29354  2.67741  2.69355  4.24690  2.90347  2.73739  3.18146  2.89801  2.37887  2.77519  2.98518  4.58477  3.61503
          0.02312  4.17432  4.89667  0.61958  0.77255  0.48576  0.95510
     65   1.88172  4.80739  2.91201  2.43241  4.18439  3.37861  3.74033  3.59972  2.50219  3.20386  4.02712  2.99968  3.85598  2.51537  2.97106  1.96618  2.91689  3.25126  5.43891  4.11226    111 a - - -
          2.68618  4.42225  2.77519  2.73123  3.46354  2.40513  3.72494  3.29354  2.67741  2.69355  4.24690  2.90347  2.73739  3.18146  2.89801  2.37887  2.77519  2.98518  4.58477  3.61503
          0.02312  4.17432  4.89667  0.61958  0.77255  0.48576  0.95510
     66   2.66455  4.71083  3.04902  1.73172  3.90918  3.49594  3.73149  2.54219  2.55489  2.85769  3.78639  3.06957  3.90069  2.79759  2.98005  2.74437  2.89932  2.74970  5.25473  3.95058    112 e - - -
          2.68618  4.42225  2.77519  2.73123  3.46354  2.40513  3.72494  3.29354  2.67741  2.69355  4.24690  2.90347  2.73739  3.18146  2.89801  2.37887  2.77519  2.98518  4.58477  3.61503
          0.02312  4.17432  4.89667  0.61958  0.77255  0.48576  0.95510
     67   3.38017  5.17630  3.90478  3.36557  4.60961  3.79555  4.09067  4.18211  2.42252  3.64320  4.64461  3.69726  4.29174  3.30401  0.60148  3.45558  3.63079  3.89514  5.57475  4.48159    113 R - - -
          2.68618  4.42225  2.77519  2.73123  3.46354  2.40513  3.72494  3.29354  2.67741  2.69355  4.24690  2.90347  2.73739  3.18146  2.89801  2.37887  2.77519  2.98518  4.58477  3.61503
          0.02312  4.17432  4.89667  0.61958  0.77255  0.48576  0.95510
     68   3.38561  5.12949  3.47780  3.27838  3.54346  3.74284  0.63933  4.13661  3.11544  3.58701  4.66219  3.67117  4.31692  3.65163  3.35745  3.45681  3.70375  3.86627  5.00143  3.48798    114 H - - -
          2.68618  4.42225  2.77519  2.73123  3.46354  2.40513  3.72494  3.29354  2.67741  2.69355  4.24690  2.90347  2.73739  3.18146  2.89801  2.37887  2.77519  2.98518  4.58477  3.61503
          0.02312  4.17432  4.89667  0.61958  0.77255  0.48576  0.95510
     69   3.35359  4.64025  5.04383  4.52190  3.31975  4.68890  5.08644  1.19961  4.36112  1.24575  3.12545  4.74908  4.89756  4.52898  4.48670  4.07433  3.59296  1.96942  5.39748  4.26490    115 i - - -
          2.68618  4.42225  2.77519  2.73123  3.46354  2.40513  3.72494  3.29354  2.67741  2.69355  4.24690  2.90347  2.73739  3.18146  2.89801  2.37887  2.77519  2.98518  4.58477  3.61503
          0.02312  4.17432  4.89667  0.61958  0.77255  0.48576  0.95510
     70   3.38017  5.17630  3.90478  3.36557  4.60961  3.79555  4.09067  4.18211  2.42252  3.64320  4.64461  3.69726  4.29174  3.30401  0.60148  3.45558  3.63079  3.89514  5.57475  4.48159    116 R - - -
          2.68618  4.42225  2.77519  2.73123  3.46354  2.40513  3.72494  3.29354  2.67741  2.69355  4.24690  2.90347  2.73739  3.18146  2.89801  2.37887  2.77519  2.98518  4.58477  3.61503
          0.02312  4.17432  4.89667  0.61958  0.77255  0.48576  0.95510
     71   3.08539  4.81971  3.82004  3.76295  4.87857  0.38548  4.85396  4.56234  3.98466  4.17441  5.16025  3.98572  4.21951  4.28550  4.17731  3.26762  3.58990  4.03212  5.88306  4.99436    117 G - - -
          2.68618  4.42225  2.77519  2.73123  3.46354  2.40513  3.72494  3.29354  2.67741  2.69355  4.24690  2.90347  2.73739  3.18146  2.89801  2.37887  2.77519  2.98518  4.58477  3.61503
          0.02312  4.17432  4.89667  0.61958  0.77255  0.48576  0.95510
     72   3.08539  4.81971  3.82004  3.76295  4.87857  0.38548  4.85396  4.56234  3.98466  4.17441  5.16025  3.98572  4.21951  4.28550  4.17731  3.26762  3.58990  4.03212  5.88306  4.99436    118 G - - -
          2.68618  4.42225  2.77519  2.73123  3.46354  2.40513  3.72494  3.29354  2.67741  2.69355  4.24690  2.90347  2.73739  3.18146  2.89801  2.37887  2.77519  2.98518  4.58477  3.61503
          0.02312  4.17432  4.89667  0.61958  0.77255  0.48576  0.95510
     73   2.55152  4.66477  3.11510  1.95156  3.86619  3.47880  3.59645  3.08214  2.41843  2.44404  3.21112  3.00399  3.86663  2.86214  2.90332  2.69722  2.84722  2.97400  5.19138  3.89337    119 e - - -
          2.68618  4.42225  2.77519  2.73123  3.46354  2.40513  3.72494  3.29354  2.67741  2.69355  4.24690  2.90347  2.73739  3.18146  2.89801  2.37887  2.77519  2.98518  4.58477  3.61503
          0.02312  4.17432  4.89667  0.61958  0.77255  0.48576  0.95510
     74   0.76606  4.26100  3.68443  3.48632  4.35961  3.07181  4.49271  3.57892  3.51701  3.44347  4.37164  3.54182  3.85113  3.82224  3.75878  2.48516  2.87483  3.12044  5.77626  4.56095    120 a - - -
          2.68618  4.42225  2.77519  2.73123  3.46354  2.40513  3.72494  3.29354  2.67741  2.69355  4.24690  2.90347  2.73739  3.18146  2.89801  2.37887  2.77519  2.98518  4.58477  3.61503
          0.02312  4.17432  4.89667  0.61958  0.77255  0.48576  0.95510
     75   2.60699  4.44900  3.73157  3.51172  4.27078  3.27489  4.50143  3.43677  3.46084  3.28907  4.32843  3.66201  4.00641  3.84241  3.69707  2.81275  0.74684  3.09722  5.68033  4.49079    121 t - - -
          2.68618  4.42225  2.77519  2.73123  3.46354  2.40513  3.72494  3.29354  2.67741  2.69355  4.24690  2.90347  2.73739  3.18146  2.89801  2.37887  2.77519  2.98518  4.58477  3.61503
          0.02312  4.17432  4.89667  0.61958  0.77255  0.48576  0.95510
     76   3.20483  5.32354  3.66323  2.92706  4.82854  3.80021  3.67503  4.14891  1.22348  3.54504  4.41578  3.30982  4.14677  2.76802  1.42968  3.18654  3.34862  3.82831  5.55175  4.41303    122 k - - -
          2.68618  4.42225  2.77519  2.73123  3.46354  2.40513  3.72494  3.29354  2.67741  2.69355  4.24690  2.90347  2.73739  3.18146  2.89801  2.37887  2.77519  2.98518  4.58477  3.61503
          0.02312  4.17432  4.89667  0.61958  0.77255  0.48576  0.95510
     77   2.58755  4.92213  2.96679  2.04536  4.19549  3.40352  3.50644  3.29279  2.18852  2.99570  3.50214  2.88511  3.81810  2.47007  2.59058  2.62966  2.85215  3.22516  5.39646  4.04312    123 e - - -
          2.68618  4.42225  2.77519  2.73123  3.46354  2.40513  3.72494  3.29354  2.67741  2.69355  4.24690  2.90347  2.73739  3.18146  2.89801  2.37887  2.77519  2.98518  4.58477  3.61503
          0.02312  4.17432  4.89667  0.61958  0.77255  0.48576  0.95510
     78   3.19539  5.22258  3.41978  2.94732  4.66868  3.70349  3.84429  4.09124  0.79988  3.57215  4.49585  3.35395  4.15941  3.00676  2.34723  3.20971  3.41142  3.77784  5.58922  4.41789    124 k - - -
          2.68618  4.42225  2.77519  2.73123  3.46354  2.40513  3.72494  3.29354  2.67741  2.69355  4.24690  2.90347  2.73739  3.18146  2.89801  2.37887  2.77519  2.98518  4.58477  3.61503
          0.02312  4.17432  4.89667  0.61958  0.77255  0.48576  0.95510
     79   3.81286  5.05538  4.67444  4.36023  1.99722  4.48821  3.54056  3.61300  4.13289  2.91608  4.17815  4.13950  4.80687  4.18447  4.19326  3.87104  4.03437  3.51924  3.37068  0.68508    125 Y - - -
          2.68618  4.42225  2.77519  2.73123  3.46354  2.40513  3.72494  3.29354  2.67741  2.69355  4.24690  2.90347  2.73739  3.18146  2.89801  2.37887  2.77519  2.98518  4.58477  3.61503
          0.02312  4.17432  4.89667  0.61958  0.77255  0.48576  0.95510
     80   2.65408  4.94831  3.05961  2.40722  4.23475  3.48141  3.45167  3.59163  1.92006  2.55398  3.97497  2.99164  3.86475  2.55371  2.31529  2.56281  2.89892  3.30890  5.39809  4.07625    126 k - - -
          2.68618  4.42225  2.77519  2.73123  3.46354  2.40513  3.72494  3.29354  2.67741  2.69355  4.24690  2.90347  2.73739  3.18146  2.89801  2.37887  2.77519  2.98518  4.58477  3.61503
          0.02312  4.17432  4.89667  0.61958  0.77255  0.48576  0.95510
     81   2.52347  4.77137  2.90238  2.22864  4.28905  3.19205  2.79501  3.56985  2.04761  3.23354  3.95033  2.78087  3.80157  2.63599  2.69635  2.56306  2.81435  3.34200  5.45367  4.07937    127 k - - -
          2.68618  4.42225  2.77519  2.73123  3.46354  2.40513  3.72494  3.29354  2.67741  2.69355  4.24690  2.90347  2.73739  3.18146  2.89801  2.37887  2.77519  2.98518  4.58477  3.61503
          0.02787  4.17432  4.41449  0.61958  0.77255  0.48576  0.95510
     82   2.53524  4.89503  2.92609  2.06683  4.15935  3.21622  3.61777  3.13075  2.27237  2.99488  3.69632  2.90836  3.63473  2.53825  2.75354  2.54528  2.73850  3.22806  5.37888  4.02425    128 e - - -
          2.68618  4.42225  2.77519  2.73123  3.46354  2.40513  3.72494  3.29354  2.67741  2.69355  4.24690  2.90347  2.73739  3.18146  2.89801  2.37887  2.77519  2.98518  4.58477  3.61503
          0.08602  4.16968  2.70357  0.61958  0.77255  0.49146  0.94605
     83   2.52548  4.90709  2.61625  2.19485  4.33357  3.28789  2.95102  3.72050  2.17589  3.18879  4.02978  2.76996  3.77687  2.61807  2.63779  2.50201  2.79705  3.36931  5.47456  4.06698    129 k - - -
          2.68618  4.42225  2.77519  2.73123  3.46354  2.40513  3.72494  3.29354  2.67741  2.69355  4.24690  2.90347  2.73739  3.18146  2.89801  2.37887  2.77519  2.98518  4.58477  3.61503
          0.06651  4.10123  3.04077  0.61958  0.77255  0.56162  0.84464
     84   2.54825  4.95373  2.82507  2.19112  4.24479  3.24384  3.37783  3.59269  2.18995  3.19859  3.96168  2.75540  3.58605  2.52712  2.72845  2.45673  2.71139  3.08187  5.41941  4.02322    130 k - - -
          2.68618  4.42225  2.77519  2.73123  3.46354  2.40513  3.72494  3.29354  2.67741  2.69355  4.24690  2.90347  2.73739  3.18146  2.89801  2.37887  2.77519  2.98518  4.58477  3.61503
          0.08213  4.05820  2.78767  0.61958  0.77255  0.60305  0.79217
     85   2.51675  4.65561  2.88882  2.10480  4.12520  3.32334  3.53088  3.44502  2.22404  3.09124  3.88831  2.83241  3.70427  2.52501  2.66275  2.51807  2.74816  3.12941  5.35474  3.99801    131 e - - -
          2.68618  4.42225  2.77519  2.73123  3.46354  2.40513  3.72494  3.29354  2.67741  2.69355  4.24690  2.90347  2.73739  3.18146  2.89801  2.37887  2.77519  2.98518  4.58477  3.61503
          0.09774  4.00356  2.59213  0.61958  0.77255  0.65374  0.73417
     86   2.51045  4.29707  2.80691  2.26212  4.01339  3.31295  3.57061  3.49676  2.21191  2.98734  3.86414  2.73243  3.74210  2.53634  2.69458  2.54567  2.75453  3.09363  5.31171  3.96280    132 k - - -
          2.68618  4.42225  2.77519  2.73123  3.46354  2.40513  3.72494  3.29354  2.67741  2.69355  4.24690  2.90347  2.73739  3.18146  2.89801  2.37887  2.77519  2.98518  4.58477  3.61503
          0.06671  3.93072  3.10315  0.61958  0.77255  0.70762  0.67888
     87   2.48808  4.77887  2.89853  2.17008  4.03026  3.23894  3.54980  3.39450  2.32778  2.99894  3.82863  2.87316  3.26411  2.66341  2.74803  2.50387  2.68511  3.05079  5.27809  3.91313    133 e - - -
          2.68619  4.42251  2.77546  2.73112  3.46385  2.40525  3.72521  3.29329  2.67716  2.69370  4.24703  2.90344  2.73757  3.18108  2.89785  2.37882  2.77531  2.98476  4.58511  3.61515
          0.48760  0.95217        *  1.73621  0.19381  0.00000        *
//
