HMMER3/f [3.1b1 | May 2013]
NAME  NOG.ENOG41123Y1.meta_raw
LENG  203
ALPH  amino
RF    no
MM    no
CONS  yes
CS    no
MAP   yes
DATE  Sat Apr 18 18:59:22 2015
NSEQ  123
EFFN  3.119293
CKSUM 394528431
STATS LOCAL MSV      -10.5436  0.70518
STATS LOCAL VITERBI  -11.1984  0.70518
STATS LOCAL FORWARD   -5.3065  0.70518
HMM          A        C        D        E        F        G        H        I        K        L        M        N        P        Q        R        S        T        V        W        Y   
            m->m     m->i     m->d     i->m     i->i     d->m     d->d
  COMPO   2.56386  4.84914  2.97453  2.45016  3.81523  2.78768  3.91029  2.81692  2.47786  2.62626  3.72023  3.00583  3.45705  2.93266  3.03743  2.60847  2.76218  2.42382  5.15861  3.88640
          2.68654  4.42181  2.77497  2.73104  3.46405  2.40528  3.72564  3.29355  2.67716  2.69422  4.23738  2.90211  2.73773  3.18191  2.89810  2.37915  2.77562  2.98550  4.58554  3.61580
          0.84757  0.97296  1.64206  1.62191  0.22005  0.00000        *
      1   2.76521  4.63617  3.44088  2.68644  3.24959  3.37481  3.92060  3.01624  2.38404  2.54941  1.90606  3.15698  3.12406  3.08384  3.18294  2.81663  2.99673  2.85203  5.19641  3.93305     27 m - - -
          2.68618  4.42225  2.77519  2.73123  3.46354  2.40513  3.72494  3.29354  2.67741  2.69355  4.24690  2.90347  2.73739  3.18146  2.89801  2.37887  2.77519  2.98518  4.58477  3.61503
          0.28495  4.69889  1.43196  0.61958  0.77255  0.85725  0.55221
      2   2.62337  5.13954  2.73027  2.24249  4.00944  2.93242  3.52572  3.93525  2.00939  3.43583  4.03670  2.49700  3.77652  2.61307  2.70471  2.59351  2.88745  3.06521  5.58480  3.93363     28 k - - -
          2.68618  4.42225  2.77519  2.73123  3.46354  2.40513  3.72494  3.29354  2.67741  2.69355  4.24690  2.90347  2.73739  3.18146  2.89801  2.37887  2.77519  2.98518  4.58477  3.61503
          0.02740  4.44023  4.18422  0.61958  0.77255  1.09603  0.40676
      3   2.65062  5.18038  2.65706  2.13128  4.34858  3.00491  3.65234  3.99705  1.81837  3.38927  4.08633  2.65376  3.68583  2.53456  2.88254  2.55815  2.80636  3.56649  5.61780  4.21158     29 k - - -
          2.68618  4.42225  2.77519  2.73123  3.46354  2.40513  3.72494  3.29354  2.67741  2.69355  4.24690  2.90347  2.73739  3.18146  2.89801  2.37887  2.77519  2.98518  4.58477  3.61503
          0.09874  4.45479  2.49617  0.61958  0.77255  0.46833  0.98362
      4   2.61206  4.46980  3.29467  2.65688  2.99465  3.29916  4.01339  2.70588  2.76316  2.09985  2.67518  3.32235  3.60186  3.36003  3.33613  3.00398  2.87393  2.63426  3.03093  3.82365     30 l - - -
          2.68618  4.42225  2.77519  2.73123  3.46354  2.40513  3.72494  3.29354  2.67741  2.69355  4.24690  2.90347  2.73739  3.18146  2.89801  2.37887  2.77519  2.98518  4.58477  3.61503
          0.26479  4.70749  1.49788  0.61958  0.77255  0.60252  0.79281
      5   2.63548  4.51503  3.29382  2.92637  2.93364  3.39323  3.91409  2.83769  2.07051  2.20425  3.11593  3.29910  3.92251  3.13287  3.05457  2.66959  2.85930  2.79543  3.73355  3.83849     31 k - - -
          2.68618  4.42225  2.77519  2.73123  3.46354  2.40513  3.72494  3.29354  2.67741  2.69355  4.24690  2.90347  2.73739  3.18146  2.89801  2.37887  2.77519  2.98518  4.58477  3.61503
          0.10416  4.57969  2.42295  0.61958  0.77255  0.69054  0.69576
      6   2.67863  5.23296  2.30952  2.16270  4.35586  3.42931  3.57695  4.05152  2.07831  3.47162  3.36314  2.63911  3.71880  2.60045  2.86464  2.29314  2.93964  3.44316  5.67001  4.26349     32 k - - -
          2.68618  4.42225  2.77519  2.73123  3.46354  2.40513  3.72494  3.29354  2.67741  2.69355  4.24690  2.90347  2.73739  3.18146  2.89801  2.37887  2.77519  2.98518  4.58477  3.61503
          0.18504  4.63310  1.83756  0.61958  0.77255  0.75091  0.63854
      7   2.71389  4.86277  2.90852  2.37369  3.52098  3.23199  3.76485  3.27970  2.00342  2.70538  3.93769  2.97944  3.71448  2.92707  2.80251  2.73008  2.88498  2.81274  3.34418  3.84303     33 k - - -
          2.68623  4.42231  2.77525  2.73104  3.46359  2.40509  3.72500  3.29347  2.67742  2.69356  4.24695  2.90352  2.73745  3.18128  2.89801  2.37888  2.77525  2.98524  4.58437  3.61509
          0.14114  2.06722  5.27874  0.61709  0.77546  1.01713  0.44884
      8   2.46409  4.21050  3.77206  3.53773  2.69284  3.56748  4.10855  2.16262  3.22274  1.61612  3.27470  3.57911  3.59831  3.65600  3.54350  2.96042  2.94945  2.39455  4.40271  3.62542     37 l - - -
          2.68618  4.42225  2.77519  2.73123  3.46354  2.40513  3.72494  3.29354  2.67741  2.69355  4.24690  2.90347  2.73739  3.18146  2.89801  2.37887  2.77519  2.98518  4.58477  3.61503
          0.03754  4.57236  3.63034  0.61958  0.77255  0.62961  0.76100
      9   2.58244  5.10528  2.98731  2.04898  3.64361  3.43591  3.76605  3.50410  1.89583  3.05628  3.64002  3.01383  3.78296  2.66192  2.78894  2.67729  2.89980  3.46045  3.48055  4.21117     38 k - - -
          2.68618  4.42225  2.77520  2.73123  3.46354  2.40513  3.72495  3.29354  2.67741  2.69355  4.24690  2.90347  2.73740  3.18146  2.89795  2.37887  2.77520  2.98518  4.58477  3.61503
          0.17245  3.98950  1.96689  0.54280  0.87017  0.74198  0.64659
     10   2.65951  5.21355  2.78148  2.27736  4.15154  3.27660  3.62026  4.02292  1.84158  3.04754  4.25761  2.47871  3.90527  2.66349  2.73757  2.31406  2.93544  3.49602  5.65379  4.04574     40 k - - -
          2.68618  4.42225  2.77520  2.73123  3.46344  2.40513  3.72495  3.29354  2.67741  2.69355  4.24690  2.90347  2.73740  3.18146  2.89801  2.37887  2.77520  2.98519  4.58477  3.61503
          0.11327  3.83391  2.45967  0.53540  0.88053  0.88577  0.53170
     11   2.60096  4.33560  3.53207  3.15523  2.66033  3.46416  3.66582  2.55909  2.91130  1.89235  3.14207  3.35036  3.88106  3.04074  3.44881  2.84584  2.85126  2.56547  3.32561  3.71487     42 l - - -
          2.68618  4.42225  2.77519  2.73123  3.46354  2.40513  3.72494  3.29354  2.67741  2.69355  4.24690  2.90347  2.73739  3.18146  2.89801  2.37887  2.77519  2.98518  4.58477  3.61503
          0.11163  4.57185  2.35087  0.61958  0.77255  0.37995  1.15169
     12   2.70729  4.83538  3.08244  2.59456  3.18450  2.85975  3.87915  3.14936  2.14791  2.26205  3.71511  2.88761  3.96539  2.96092  3.13403  2.62265  2.72541  2.91836  4.30395  3.82966     43 k - - -
          2.68624  4.42304  2.77495  2.73079  3.46361  2.40467  3.72567  3.29378  2.67601  2.69400  4.24562  2.90362  2.73779  3.18144  2.89831  2.37921  2.77567  2.98552  4.58241  3.61582
          1.18549  0.41919  3.30156  1.27318  0.32842  0.71172  0.67492
     13   2.57209  4.97962  3.03494  2.34135  3.69782  2.77657  3.82566  2.72128  2.23562  2.60513  3.83093  3.01451  3.66096  2.76991  2.83509  2.71382  2.81295  3.24197  4.30418  3.89853     69 k - - -
          2.68618  4.42225  2.77519  2.73123  3.46354  2.40513  3.72494  3.29354  2.67741  2.69355  4.24690  2.90347  2.73739  3.18146  2.89801  2.37887  2.77519  2.98518  4.58477  3.61503
          0.09457  4.76732  2.50428  0.61958  0.77255  0.61895  0.77329
     14   2.59270  5.26080  2.78994  2.09273  4.18790  2.75722  3.74349  3.87086  2.04966  3.26857  3.74493  2.84564  3.49166  2.59745  2.83797  2.38096  2.84545  3.51173  5.70028  4.11874     70 k - - -
          2.68678  4.42295  2.77532  2.73128  3.46327  2.40500  3.72549  3.29365  2.67487  2.69393  4.24731  2.90340  2.73805  3.18122  2.89831  2.37927  2.77515  2.98523  4.58350  3.61557
          0.49211  1.43528  1.89300  2.07858  0.13365  0.76408  0.62692
     15   2.62100  5.13384  2.76621  2.28528  3.37249  2.84789  3.71850  3.60795  2.01427  3.24099  4.18623  2.67427  3.91857  2.66904  2.84307  2.57333  2.65140  3.37137  4.58603  4.04126     99 k - - -
          2.68618  4.42225  2.77519  2.73123  3.46354  2.40513  3.72494  3.29354  2.67741  2.69355  4.24690  2.90347  2.73739  3.18146  2.89801  2.37887  2.77519  2.98518  4.58477  3.61503
          0.09869  4.61762  2.47575  0.61958  0.77255  0.90167  0.52069
     16   2.64589  5.20434  2.81583  2.23208  4.53825  3.13573  3.16662  3.80684  1.94236  3.35815  4.24797  2.50872  3.44539  2.72630  2.74487  2.50843  2.69841  3.58898  4.44876  4.23970    100 k - - -
          2.68618  4.42225  2.77519  2.73123  3.46354  2.40513  3.72494  3.29354  2.67741  2.69355  4.24690  2.90347  2.73739  3.18146  2.89801  2.37887  2.77519  2.98518  4.58477  3.61503
          0.01543  4.57496  5.29731  0.61958  0.77255  0.30634  1.33232
     17   2.57997  5.27779  2.88445  2.46568  4.18892  2.97081  3.64592  3.43511  1.97283  2.55511  4.32557  2.65638  3.19047  2.72546  2.64057  2.59595  2.93828  3.65397  4.73034  4.33261    101 k - - -
          2.68622  4.42236  2.77520  2.73117  3.46321  2.40515  3.72505  3.29365  2.67713  2.69354  4.24686  2.90357  2.73738  3.18146  2.89800  2.37895  2.77530  2.98529  4.58401  3.61514
          0.20012  1.88574  3.51838  0.69952  0.68682  0.56580  0.83911
     18   2.78222  5.31918  2.54621  2.39021  4.29481  2.50894  3.69712  4.02764  1.73277  3.43198  3.85800  2.79977  3.67170  2.71277  2.65654  2.58501  2.92658  3.70668  5.09703  4.34799    106 k - - -
          2.68619  4.42226  2.77520  2.73124  3.46354  2.40513  3.72495  3.29344  2.67741  2.69355  4.24690  2.90340  2.73740  3.18147  2.89801  2.37887  2.77520  2.98519  4.58478  3.61504
          0.06197  3.98220  3.18341  0.63497  0.75492  0.40768  1.09419
     19   2.71113  5.30099  2.94108  2.26467  4.05250  3.13158  3.80059  3.95958  1.69095  2.83972  3.97129  2.66285  3.41783  2.57950  2.92582  2.60727  3.06261  3.33311  5.74393  4.10829    109 k - - -
          2.68619  4.42226  2.77520  2.73124  3.46355  2.40514  3.72495  3.29355  2.67728  2.69356  4.24690  2.90347  2.73740  3.18147  2.89802  2.37888  2.77520  2.98519  4.58478  3.61504
          0.03765  3.40236  5.61167  0.42645  1.05792  0.48832  0.95103
     20   2.80286  5.20143  3.09495  2.58036  4.21516  3.17478  3.72468  3.19097  1.70453  2.63709  3.96919  2.70072  3.33709  2.85111  2.75236  2.46047  2.89712  3.30221  5.67022  4.29703    111 k - - -
          2.68618  4.42225  2.77520  2.73123  3.46354  2.40513  3.72495  3.29354  2.67741  2.69355  4.24690  2.90340  2.73740  3.18147  2.89801  2.37887  2.77520  2.98519  4.58477  3.61503
          0.02060  4.08578  5.63344  0.52930  0.88920  0.46340  0.99194
     21   2.69765  5.16488  3.18322  2.62623  4.43794  2.96955  3.85187  3.37640  1.72911  2.91295  4.05730  2.88378  3.30108  2.71757  2.79484  2.55917  2.57899  3.35454  4.40333  3.68084    113 k - - -
          2.68618  4.42225  2.77519  2.73123  3.46354  2.40513  3.72494  3.29354  2.67741  2.69355  4.24690  2.90347  2.73739  3.18146  2.89801  2.37887  2.77519  2.98518  4.58477  3.61503
          0.02133  4.92553  4.27964  0.61958  0.77255  0.48576  0.95510
     22   2.67831  4.51302  3.84795  3.27747  2.80611  3.65541  4.02316  2.48202  2.10544  2.19745  3.49972  3.22158  3.30933  3.50809  3.09694  2.78536  2.91870  2.41147  4.64956  3.12516    114 k - - -
          2.68618  4.42225  2.77519  2.73123  3.46354  2.40513  3.72494  3.29354  2.67741  2.69355  4.24690  2.90347  2.73739  3.18146  2.89801  2.37887  2.77519  2.98518  4.58477  3.61503
          0.01096  4.91515  5.63750  0.61958  0.77255  0.46944  0.98176
     23   2.67837  5.32560  2.69527  2.17843  4.16218  3.38254  3.05607  4.02775  2.32797  2.94578  3.71269  2.87804  3.47547  2.59778  2.57748  2.31521  2.78763  3.41416  4.80000  4.02936    115 e - - -
          2.68618  4.42225  2.77520  2.73123  3.46354  2.40513  3.72495  3.29354  2.67741  2.69355  4.24690  2.90347  2.73740  3.18146  2.89801  2.37887  2.77520  2.98518  4.58445  3.61503
          0.05785  4.14890  3.20818  0.53588  0.87984  0.48576  0.95510
     24   2.63998  5.07489  2.95771  2.65279  3.82412  3.38358  3.74883  3.37944  2.21247  2.97083  3.89673  2.39476  4.04687  2.40534  2.88216  2.79519  3.02401  3.19594  3.61458  2.61547    117 k - - -
          2.68618  4.42225  2.77519  2.73123  3.46354  2.40513  3.72494  3.29354  2.67741  2.69355  4.24690  2.90347  2.73739  3.18146  2.89801  2.37887  2.77519  2.98518  4.58477  3.61503
          0.01126  4.88793  5.61027  0.61958  0.77255  0.47747  0.96851
     25   3.03199  4.44910  5.03678  4.42479  2.36987  4.27649  4.60171  2.17747  4.22026  1.14536  2.83807  4.43392  4.60523  4.32089  4.22463  3.59324  3.18718  2.29430  2.81822  3.89198    118 l - - -
          2.68612  4.42226  2.77520  2.73124  3.46355  2.40513  3.72495  3.29355  2.67742  2.69349  4.24690  2.90347  2.73740  3.18147  2.89801  2.37888  2.77520  2.98519  4.58478  3.61504
          0.04637  3.45577  4.28687  0.43144  1.04860  0.51682  0.90736
     26   2.20833  4.26719  4.76058  4.15231  3.17904  3.79739  4.37704  1.71822  3.95731  1.59109  3.01370  4.17954  4.40836  4.10458  3.99672  3.35435  2.62822  2.11652  4.64245  3.71723    121 l - - -
          2.68618  4.42225  2.77519  2.73123  3.46354  2.40513  3.72494  3.29354  2.67741  2.69355  4.24690  2.90347  2.73739  3.18146  2.89801  2.37887  2.77519  2.98518  4.58477  3.61503
          0.01109  4.90317  5.62552  0.61958  0.77255  0.50013  0.93256
     27   2.39282  3.88584  4.80013  4.18962  2.97297  3.55943  4.38770  1.60263  3.98713  1.82030  3.09451  4.19967  4.41761  4.12897  4.01468  3.10808  2.97100  1.85404  4.89634  3.71887    122 i - - -
          2.68602  4.42228  2.77522  2.73126  3.46356  2.40515  3.72497  3.29344  2.67743  2.69343  4.24692  2.90349  2.73742  3.18149  2.89803  2.37889  2.77522  2.98521  4.58479  3.61506
          0.07179  2.72172  5.65192  0.38064  1.15019  0.46682  0.98616
     28   2.55863  4.29069  4.78218  4.17447  3.38277  3.43695  4.40229  1.80545  3.98009  1.34345  3.21515  4.20326  4.43253  4.12818  4.02070  3.37896  2.89345  1.99927  4.33365  3.74293    125 l - - -
          2.68618  4.42225  2.77519  2.73123  3.46354  2.40513  3.72494  3.29354  2.67741  2.69355  4.24690  2.90347  2.73739  3.18146  2.89801  2.37887  2.77519  2.98518  4.58477  3.61503
          0.06967  4.94151  2.81086  0.61958  0.77255  0.48576  0.95510
     29   2.06572  3.78870  4.66653  4.06357  2.25353  2.57796  4.34962  2.28672  3.88505  1.57428  3.32838  4.12810  4.38570  4.04707  3.95287  3.32569  3.10172  2.44158  4.89435  3.71479    126 l - - -
          2.68618  4.42225  2.77520  2.73123  3.46354  2.40513  3.72495  3.29354  2.67741  2.69350  4.24690  2.90347  2.73740  3.18147  2.89801  2.37887  2.77520  2.98519  4.58477  3.61503
          0.02100  4.06831  5.60550  0.53073  0.88716  0.40701  1.09552
     30   2.41560  3.43224  4.84870  4.23989  3.15924  3.36847  4.43801  1.91132  4.03785  1.41987  3.20530  4.24832  4.46052  4.17863  4.06388  3.41185  3.15683  1.86194  4.94105  3.76411    128 l - - -
          2.68618  4.42225  2.77519  2.73123  3.46354  2.40513  3.72494  3.29354  2.67741  2.69355  4.24690  2.90347  2.73739  3.18146  2.89801  2.37887  2.77519  2.98518  4.58477  3.61503
          0.01067  4.94151  5.66386  0.61958  0.77255  0.48576  0.95510
     31   2.20614  3.28866  4.86956  4.26070  2.98125  4.11026  4.45052  1.73838  4.05643  1.70580  3.27589  4.26296  4.47028  4.19578  4.07842  3.30474  2.94655  1.81633  4.94978  3.77237    129 l - - -
          2.68618  4.42225  2.77519  2.73123  3.46354  2.40513  3.72494  3.29354  2.67741  2.69355  4.24690  2.90347  2.73739  3.18146  2.89801  2.37887  2.77519  2.98518  4.58477  3.61503
          0.01067  4.94151  5.66386  0.61958  0.77255  0.48576  0.95510
     32   2.22955  4.10205  4.75325  4.45101  5.01325  0.49768  5.21431  4.36913  4.36197  3.61151  4.96056  4.22156  4.35082  4.58577  4.53964  2.87983  3.32908  3.54276  6.40634  5.27290    130 G - - -
          2.68618  4.42225  2.77519  2.73123  3.46354  2.40513  3.72494  3.29354  2.67741  2.69355  4.24690  2.90347  2.73739  3.18146  2.89801  2.37887  2.77519  2.98518  4.58477  3.61503
          0.01067  4.94151  5.66386  0.61958  0.77255  0.48576  0.95510
     33   2.52313  4.33097  4.87245  4.26798  3.18179  3.88724  4.48818  1.82379  4.07258  1.71073  3.09056  4.28745  4.50264  4.21883  4.10711  3.28476  3.13179  1.42217  4.99437  3.81605    131 v - - -
          2.68618  4.42225  2.77519  2.73123  3.46354  2.40513  3.72494  3.29354  2.67741  2.69355  4.24690  2.90347  2.73739  3.18146  2.89801  2.37887  2.77519  2.98518  4.58477  3.61503
          0.01067  4.94151  5.66386  0.61958  0.77255  0.48576  0.95510
     34   2.12615  3.83123  4.78064  4.17049  3.00959  3.55634  4.37911  1.95085  3.97085  1.49757  2.89471  4.18784  4.41196  4.11518  4.00360  2.99436  3.06650  2.16787  4.89312  3.71554    132 l - - -
          2.68618  4.42225  2.77519  2.73123  3.46354  2.40513  3.72494  3.29354  2.67741  2.69355  4.24690  2.90347  2.73739  3.18146  2.89801  2.37887  2.77519  2.98518  4.58477  3.61503
          0.01067  4.94151  5.66386  0.61958  0.77255  0.48576  0.95510
     35   2.87928  4.18511  5.02653  4.41901  2.40544  4.28172  4.61741  1.78842  4.21973  1.12101  2.85222  4.43457  4.61643  4.33483  4.23506  3.43870  3.31876  2.44518  5.07334  3.91845    133 l - - -
          2.68618  4.42225  2.77519  2.73123  3.46354  2.40513  3.72494  3.29354  2.67741  2.69355  4.24690  2.90347  2.73739  3.18146  2.89801  2.37887  2.77519  2.98518  4.58477  3.61503
          0.01067  4.94151  5.66386  0.61958  0.77255  0.48576  0.95510
     36   2.64467  4.32661  4.84406  4.23570  3.25325  4.11852  4.45131  2.03216  4.03865  1.39078  1.96896  4.25784  4.47575  4.17922  4.07162  3.28408  2.86971  2.26158  4.95548  3.63584    134 l - - -
          2.68618  4.42225  2.77519  2.73123  3.46354  2.40513  3.72494  3.29354  2.67741  2.69355  4.24690  2.90347  2.73739  3.18146  2.89801  2.37887  2.77519  2.98518  4.58477  3.61503
          0.01050  4.95757  5.67992  0.61958  0.77255  0.48576  0.95510
     37   2.84500  4.29346  4.83611  4.22557  2.69049  4.08597  4.41985  1.69959  4.02213  1.74174  3.23043  4.23343  4.44725  3.87837  4.04717  3.16447  2.93121  1.61158  4.92355  3.62123    135 v - - -
          2.68618  4.42225  2.77519  2.73123  3.46354  2.40513  3.72494  3.29354  2.67741  2.69355  4.24690  2.90347  2.73739  3.18146  2.89801  2.37887  2.77519  2.98518  4.58477  3.61503
          0.01050  4.95757  5.67992  0.61958  0.77255  0.48576  0.95510
     38   2.21354  4.26987  4.79332  4.18187  2.75161  3.61553  4.38010  1.89037  3.97923  1.73286  3.04317  4.19314  4.41372  4.12114  4.00748  2.99023  2.54348  2.12935  4.06325  3.53600    136 l - - -
          2.68618  4.42225  2.77519  2.73123  3.46354  2.40513  3.72494  3.29354  2.67741  2.69355  4.24690  2.90347  2.73739  3.18146  2.89801  2.37887  2.77519  2.98518  4.58477  3.61503
          0.01948  4.95757  4.40114  0.61958  0.77255  0.48576  0.95510
     39   2.08453  4.95068  3.22097  2.72810  4.16021  2.35339  3.93214  3.20220  2.76684  3.11040  3.85259  2.93338  3.69109  3.10985  3.21535  1.94173  2.79517  2.71454  5.47524  3.65707    137 s - - -
          2.68618  4.42225  2.77519  2.73123  3.46354  2.40513  3.72494  3.29354  2.67741  2.69355  4.24690  2.90347  2.73739  3.18146  2.89801  2.37887  2.77519  2.98518  4.58477  3.61503
          0.01059  4.94868  5.67103  0.61958  0.77255  0.47126  0.97874
     40   2.77996  5.16039  2.80850  2.42952  3.41415  3.33202  3.53708  2.80906  2.42045  3.05075  3.48649  2.50722  4.06314  2.67413  3.04726  2.05738  2.95940  3.22011  4.55372  4.28418    138 s - - -
          2.68618  4.42225  2.77519  2.73123  3.46354  2.40513  3.72494  3.29354  2.67741  2.69355  4.24690  2.90347  2.73739  3.18146  2.89801  2.37887  2.77519  2.98518  4.58477  3.61503
          0.01050  4.95757  5.67992  0.61958  0.77255  0.48576  0.95510
     41   2.84068  4.23807  4.14007  3.43559  2.34287  3.62872  4.26325  2.46082  3.22413  2.13604  3.34703  3.74859  2.06244  3.63855  3.62821  2.87835  2.75613  2.32264  4.54309  3.44390    139 p - - -
          2.68618  4.42225  2.77519  2.73123  3.46354  2.40513  3.72494  3.29354  2.67741  2.69355  4.24690  2.90347  2.73739  3.18146  2.89801  2.37887  2.77519  2.98518  4.58477  3.61503
          0.02233  4.95757  4.19645  0.61958  0.77255  0.48576  0.95510
     42   2.44196  4.43693  3.29380  3.49426  2.02237  3.36251  4.20951  2.70612  3.41264  2.06652  3.48038  3.58354  3.42890  3.67275  3.38288  2.73856  2.70250  2.20187  4.49485  3.83226    140 f - - -
          2.68618  4.42225  2.77519  2.73123  3.46354  2.40513  3.72494  3.29354  2.67741  2.69355  4.24690  2.90347  2.73739  3.18146  2.89801  2.37887  2.77519  2.98518  4.58477  3.61503
          0.01062  4.94587  5.66821  0.61958  0.77255  0.51673  0.90751
     43   2.85418  5.29839  2.89972  2.34687  3.72306  2.24636  3.82870  3.38972  2.25996  3.31639  4.34620  2.82116  3.06898  2.78817  2.80580  2.22254  2.78782  3.54107  4.83262  4.35339    141 s - - -
          2.68618  4.42225  2.77519  2.73123  3.46354  2.40513  3.72494  3.29354  2.67741  2.69355  4.24690  2.90347  2.73739  3.18146  2.89801  2.37887  2.77519  2.98518  4.58477  3.61503
          0.01062  4.94587  5.66821  0.61958  0.77255  0.51673  0.90751
     44   2.65685  5.33794  2.88512  2.39608  3.42889  2.79336  3.81978  3.91460  2.15484  3.63853  4.38149  2.67333  3.22109  2.69792  2.65343  2.21856  2.61728  3.13043  5.77724  4.37300    142 k - - -
          2.68618  4.42225  2.77519  2.73123  3.46354  2.40513  3.72494  3.29354  2.67741  2.69355  4.24690  2.90347  2.73739  3.18146  2.89801  2.37887  2.77519  2.98518  4.58477  3.61503
          0.01665  4.94587  4.66661  0.61958  0.77255  0.51673  0.90751
     45   2.75159  5.35732  2.70070  2.21295  4.70055  2.72153  3.57128  4.05591  1.94747  3.66182  4.07147  2.83960  3.12565  2.65123  3.01587  2.14446  2.83937  3.54526  5.79111  3.92142    143 k - - -
          2.68618  4.42225  2.77519  2.73123  3.46354  2.40513  3.72494  3.29354  2.67741  2.69355  4.24690  2.90347  2.73739  3.18146  2.89801  2.37887  2.77519  2.98518  4.58477  3.61503
          0.01905  4.93990  4.44703  0.61958  0.77255  0.53202  0.88532
     46   2.46182  5.35552  2.89236  2.26002  4.69937  2.96290  3.80915  4.18446  1.90153  3.66027  3.97555  2.63208  3.20983  2.53237  2.77775  2.29532  2.85922  3.48625  5.78892  4.37872    144 k - - -
          2.68618  4.42225  2.77519  2.73123  3.46354  2.40513  3.72494  3.29354  2.67741  2.69355  4.24690  2.90347  2.73739  3.18146  2.89801  2.37887  2.77519  2.98518  4.58477  3.61503
          0.05244  4.93163  3.12637  0.61958  0.77255  0.55269  0.85661
     47   2.65969  5.32182  2.36975  2.09285  4.65833  3.12021  3.79656  3.63027  2.34999  3.12565  4.22795  2.75545  3.24150  2.68005  2.97430  2.23138  2.74147  3.22464  5.75966  4.21627    145 e - - -
          2.68618  4.42225  2.77519  2.73123  3.46354  2.40513  3.72494  3.29354  2.67741  2.69355  4.24690  2.90347  2.73739  3.18146  2.89801  2.37887  2.77519  2.98518  4.58477  3.61503
          0.03386  4.89042  3.65826  0.61958  0.77255  0.64749  0.74099
     48   2.20901  5.30124  2.66365  2.46020  4.63285  3.48213  3.56896  3.76196  1.92312  3.24444  4.24240  2.78567  3.31341  2.40927  3.02102  2.46537  2.79087  3.42665  5.05586  4.08853    146 k - - -
          2.68618  4.42225  2.77519  2.73123  3.46354  2.40513  3.72494  3.29354  2.67741  2.69355  4.24690  2.90347  2.73739  3.18146  2.89801  2.37887  2.77519  2.98518  4.58477  3.61503
          0.05435  4.86804  3.09647  0.61958  0.77255  0.65522  0.73257
     49   2.40253  5.25604  2.99461  2.07038  4.26456  2.90731  3.68399  3.73559  2.29812  3.25179  3.89611  2.80859  2.74180  2.82436  2.90965  2.46889  2.62559  3.37482  5.70501  4.03128    147 e - - -
          2.68618  4.42225  2.77519  2.73123  3.46354  2.40513  3.72494  3.29354  2.67741  2.69355  4.24690  2.90347  2.73739  3.18146  2.89801  2.37887  2.77519  2.98518  4.58477  3.61503
          0.08124  4.83589  2.65806  0.61958  0.77255  0.70535  0.68109
     50   2.47605  5.25182  2.83577  2.21327  4.57655  3.09281  3.76177  3.78199  2.27683  3.02230  4.17079  2.92369  3.07926  2.49946  2.95702  2.37646  2.42374  3.26705  5.69687  4.04705    148 e - - -
          2.68618  4.42225  2.77519  2.73123  3.46354  2.40513  3.72494  3.29354  2.67741  2.69355  4.24690  2.90347  2.73739  3.18146  2.89801  2.37887  2.77519  2.98518  4.58477  3.61503
          0.23659  4.78143  1.59800  0.61958  0.77255  0.84796  0.55912
     51   2.41169  5.18581  2.77289  2.00485  4.51382  3.00947  3.68556  3.63002  2.26841  3.27807  4.23108  2.71375  3.38486  2.60159  2.91726  2.47895  2.59176  3.36112  5.62886  4.22835    149 e - - -
          2.68618  4.42225  2.77519  2.73123  3.46354  2.40513  3.72494  3.29354  2.67741  2.69355  4.24690  2.90347  2.73739  3.18146  2.89801  2.37887  2.77519  2.98518  4.58477  3.61503
          0.06734  4.56050  2.90649  0.61958  0.77255  1.05160  0.42983
     52   2.32015  5.00542  2.91505  2.33190  3.58722  3.29323  3.71607  3.44694  2.42282  3.00496  4.06758  2.82893  3.65386  2.37265  2.91838  2.33472  2.77216  2.88948  5.48791  4.12971    150 a - - -
          2.68622  4.42229  2.77524  2.73127  3.46358  2.40517  3.72499  3.29358  2.67735  2.69354  4.24694  2.90318  2.73744  3.18150  2.89805  2.37883  2.77518  2.98515  4.58481  3.61507
          0.08733  3.26771  3.08928  1.14971  0.38086  0.41516  1.07950
     53   2.49209  5.28718  2.89434  2.02267  3.90490  2.70733  3.77230  4.01226  2.12427  3.39820  4.18178  2.74551  3.32051  2.78901  3.00257  2.25470  2.74020  3.47593  5.72717  4.32361    157 e - - -
          2.68474  4.42387  2.77517  2.72976  3.46454  2.40467  3.72657  3.29421  2.67738  2.69458  4.24789  2.90383  2.73738  3.18109  2.89890  2.37870  2.77428  2.98524  4.58639  3.61646
          1.20713  0.37085  4.52821  1.88489  0.16469  0.51986  0.90289
     54   2.58174  5.32418  2.76470  2.24884  4.66170  2.80312  3.71492  3.63233  2.19623  3.62625  4.13524  2.77890  3.04920  2.67971  2.96325  2.21557  2.55038  3.13776  5.76141  4.35505    201 k - - -
          2.68618  4.42225  2.77519  2.73123  3.46354  2.40513  3.72494  3.29354  2.67741  2.69355  4.24690  2.90347  2.73739  3.18146  2.89801  2.37887  2.77519  2.98518  4.58477  3.61503
          0.16301  4.89024  1.94564  0.61958  0.77255  0.64786  0.74058
     55   2.47570  5.25890  2.68914  2.35043  4.59245  3.13475  3.65200  3.84698  2.08117  3.43485  4.02727  2.84536  3.44093  2.54701  2.92472  2.04768  2.80618  3.14510  5.69854  4.29464    202 s - - -
          2.68618  4.42225  2.77519  2.73123  3.46354  2.40513  3.72494  3.29354  2.67741  2.69355  4.24690  2.90347  2.73739  3.18146  2.89801  2.37887  2.77519  2.98518  4.58477  3.61503
          0.01306  4.74030  5.46265  0.61958  0.77255  0.86721  0.54494
     56   2.45855  5.27158  2.89080  2.12007  4.60816  2.97537  3.74587  4.08822  2.34207  3.42800  4.31461  2.65422  2.74266  2.69181  2.88615  2.24046  2.58084  3.40641  5.70942  4.30355    203 e - - -
          2.68618  4.42225  2.77519  2.73123  3.46354  2.40513  3.72494  3.29354  2.67741  2.69355  4.24690  2.90347  2.73739  3.18146  2.89801  2.37887  2.77519  2.98518  4.58477  3.61503
          0.01290  4.75247  5.47482  0.61958  0.77255  0.41575  1.07836
     57   2.47909  5.32612  2.68835  2.07249  4.66124  3.08483  3.80493  3.05566  2.30652  3.36091  4.36940  2.79364  3.11304  2.50756  2.90890  2.54624  2.72356  3.11588  5.76480  4.35991    204 e - - -
          2.68618  4.42225  2.77520  2.73124  3.46354  2.40513  3.72495  3.29354  2.67741  2.69355  4.24690  2.90347  2.73740  3.18147  2.89801  2.37887  2.77510  2.98519  4.58477  3.61504
          0.03701  3.72617  4.40256  0.47639  0.97028  0.55087  0.85908
     58   2.24747  5.24215  2.69548  2.27758  3.69261  3.33502  3.82638  3.23167  2.48044  3.14759  4.29450  2.60897  3.21409  2.74307  3.02626  2.44672  2.57491  2.97925  5.70177  4.31867    206 a - - -
          2.68618  4.42225  2.77519  2.73123  3.46354  2.40513  3.72494  3.29354  2.67741  2.69355  4.24690  2.90347  2.73739  3.18146  2.89801  2.37887  2.77519  2.98518  4.58477  3.61503
          0.01097  4.91432  5.63666  0.61958  0.77255  0.59409  0.80311
     59   2.36488  5.28663  2.94095  2.27153  3.52447  3.00578  3.81585  3.96834  2.25360  3.37720  3.89315  2.92697  3.52103  2.52936  2.86545  2.35764  2.48721  2.96142  5.73554  4.34119    207 k - - -
          2.68618  4.42225  2.77519  2.73123  3.46354  2.40513  3.72494  3.29354  2.67741  2.69355  4.24690  2.90347  2.73739  3.18146  2.89801  2.37887  2.77519  2.98518  4.58477  3.61503
          0.01097  4.91432  5.63666  0.61958  0.77255  0.42353  1.06343
     60   2.41384  5.33657  2.89687  2.00128  4.37215  2.78226  3.82585  4.03728  2.39424  3.30496  4.07087  2.81109  3.26885  2.53934  3.05644  2.40675  2.61532  2.93214  5.77741  4.37473    208 e - - -
          2.68621  4.42228  2.77522  2.73126  3.46357  2.40505  3.72497  3.29340  2.67743  2.69358  4.24692  2.90343  2.73742  3.18149  2.89803  2.37886  2.77522  2.98509  4.58480  3.61506
          0.03491  3.47724  5.67992  0.82859  0.57388  0.48576  0.95510
     61   2.47999  5.34107  2.78042  2.28511  4.39150  3.35757  3.82483  4.15237  2.33157  3.05493  4.10750  2.68461  3.20027  2.37691  2.89558  2.35222  2.48303  3.01134  5.36467  4.37693    212 e - - -
          2.68618  4.42225  2.77519  2.73123  3.46354  2.40513  3.72494  3.29354  2.67741  2.69355  4.24690  2.90347  2.73739  3.18146  2.89801  2.37887  2.77519  2.98518  4.58477  3.61503
          0.01050  4.95757  5.67992  0.61958  0.77255  0.48576  0.95510
     62   2.38804  5.34743  2.81720  2.33904  4.49772  2.79190  3.74688  3.74680  2.09832  3.28905  4.23467  2.77531  3.81534  2.68554  2.86386  2.17373  2.59319  3.23263  5.78552  4.38004    213 k - - -
          2.68618  4.42225  2.77519  2.73123  3.46354  2.40513  3.72494  3.29354  2.67741  2.69355  4.24690  2.90347  2.73739  3.18146  2.89801  2.37887  2.77519  2.98518  4.58477  3.61503
          0.01050  4.95757  5.67992  0.61958  0.77255  0.48576  0.95510
     63   2.52613  5.36403  2.75586  2.27578  4.70711  2.62406  3.61011  4.06561  2.00424  3.45360  4.31235  2.84156  3.49239  2.57190  2.85455  2.35118  2.64120  3.24885  5.79790  4.38815    214 k - - -
          2.68620  4.42227  2.77521  2.73125  3.46356  2.40508  3.72496  3.29356  2.67742  2.69357  4.24691  2.90337  2.73741  3.18148  2.89802  2.37888  2.77511  2.98520  4.58479  3.61505
          0.02639  3.78844  5.67992  0.78074  0.61261  0.48576  0.95510
     64   2.38477  5.33639  2.63346  2.11218  4.66789  2.88405  3.75454  3.68310  2.37731  3.54735  4.09996  2.98160  3.93716  2.66611  3.05652  2.19621  2.31603  3.17091  5.77728  4.10419    218 e - - -
          2.68618  4.42225  2.77519  2.73123  3.46354  2.40513  3.72494  3.29354  2.67741  2.69355  4.24690  2.90347  2.73739  3.18146  2.89801  2.37887  2.77519  2.98518  4.58477  3.61503
          0.01050  4.95757  5.67992  0.61958  0.77255  0.48576  0.95510
     65   2.44299  5.36028  2.74008  2.29825  4.70170  2.88874  3.62608  4.18512  2.32064  3.40508  4.40191  2.74692  3.35172  2.53792  2.95518  2.27941  2.26928  3.17735  5.79515  4.38639    219 t - - -
          2.68618  4.42225  2.77519  2.73123  3.46354  2.40513  3.72494  3.29354  2.67741  2.69355  4.24690  2.90347  2.73739  3.18146  2.89801  2.37887  2.77519  2.98518  4.58477  3.61503
          0.02140  4.95757  4.25829  0.61958  0.77255  0.48576  0.95510
     66   2.37333  5.30801  2.86559  2.05849  3.76730  3.09087  3.82693  3.47231  2.13962  3.18849  4.35484  3.03278  3.60280  2.62249  2.95113  2.36891  2.68378  3.15719  5.75486  4.12435    220 e - - -
          2.68618  4.42225  2.77519  2.73123  3.46354  2.40513  3.72494  3.29354  2.67741  2.69355  4.24690  2.90347  2.73739  3.18146  2.89801  2.37887  2.77519  2.98518  4.58477  3.61503
          0.01061  4.94678  5.66913  0.61958  0.77255  0.51436  0.91102
     67   2.60442  5.34307  2.61629  2.14433  4.67916  3.04483  3.81907  3.31959  2.13687  3.53289  4.08186  2.72286  3.56492  2.68083  2.84285  2.45737  2.68733  2.90191  5.78117  3.93999    221 k - - -
          2.68618  4.42225  2.77519  2.73123  3.46354  2.40513  3.72494  3.29354  2.67741  2.69355  4.24690  2.90347  2.73739  3.18146  2.89801  2.37887  2.77519  2.98518  4.58477  3.61503
          0.01335  4.94678  5.09028  0.61958  0.77255  0.46829  0.98370
     68   2.66074  5.34367  2.35736  2.27936  4.67862  3.26521  3.82299  3.65490  2.35489  3.42927  4.26642  2.56802  4.02809  2.77676  2.96685  2.08719  2.29399  3.43783  5.78245  3.75337    222 s - - -
          2.68618  4.42225  2.77519  2.73123  3.46354  2.40513  3.72494  3.29354  2.67741  2.69355  4.24690  2.90347  2.73739  3.18146  2.89801  2.37887  2.77519  2.98518  4.58477  3.61503
          0.01053  4.95489  5.67724  0.61958  0.77255  0.49297  0.94368
     69   2.74838  5.35147  2.61447  1.98158  4.52585  3.16528  3.82123  3.33822  2.31005  3.38207  4.39393  2.90321  3.22919  2.64485  2.91276  2.10940  2.66859  3.46407  5.78827  3.94507    223 e - - -
          2.68618  4.42225  2.77519  2.73123  3.46354  2.40513  3.72494  3.29354  2.67741  2.69355  4.24690  2.90347  2.73739  3.18146  2.89801  2.37887  2.77519  2.98518  4.58477  3.61503
          0.01053  4.95489  5.67724  0.61958  0.77255  0.48128  0.96231
     70   2.44979  4.95435  3.06177  2.40483  3.52381  3.58759  3.93544  2.39660  2.63141  2.76792  3.15186  3.08497  3.85365  2.34220  3.15034  2.54826  2.82039  2.88187  5.47834  3.89225    224 q - - -
          2.68618  4.42225  2.77519  2.73123  3.46354  2.40513  3.72494  3.29354  2.67741  2.69355  4.24690  2.90347  2.73739  3.18146  2.89801  2.37887  2.77519  2.98518  4.58477  3.61503
          0.01050  4.95757  5.67992  0.61958  0.77255  0.48576  0.95510
     71   2.40333  5.35800  2.65898  1.93902  4.51212  2.77184  3.66834  4.07092  2.43800  3.00109  4.07761  2.91534  3.74142  2.66954  2.63114  2.41499  2.64610  3.74620  5.79341  4.21622    225 e - - -
          2.68618  4.42225  2.77519  2.73123  3.46354  2.40513  3.72494  3.29354  2.67741  2.69355  4.24690  2.90347  2.73739  3.18146  2.89801  2.37887  2.77519  2.98518  4.58477  3.61503
          0.01050  4.95757  5.67992  0.61958  0.77255  0.48576  0.95510
     72   2.39192  5.36170  2.20183  2.11070  4.51820  3.38444  3.82078  4.18734  2.53175  3.56930  4.27968  2.81839  3.80604  2.55927  2.82301  2.22943  2.30303  3.61527  5.79630  4.38722    226 e - - -
          2.68618  4.42225  2.77519  2.73123  3.46354  2.40513  3.72494  3.29354  2.67741  2.69355  4.24690  2.90347  2.73739  3.18146  2.89801  2.37887  2.77519  2.98518  4.58477  3.61503
          0.01050  4.95757  5.67992  0.61958  0.77255  0.48576  0.95510
     73   2.81046  4.62008  3.40546  2.64241  3.65329  3.84381  4.09329  2.85580  3.05780  2.54301  3.53725  3.56351  4.22397  3.18683  3.46825  3.08541  2.87805  2.71798  5.19831  1.34545    227 y - - -
          2.68618  4.42225  2.77519  2.73123  3.46354  2.40513  3.72494  3.29354  2.67741  2.69355  4.24690  2.90347  2.73739  3.18146  2.89801  2.37887  2.77519  2.98518  4.58477  3.61503
          0.01050  4.95757  5.67992  0.61958  0.77255  0.48576  0.95510
     74   2.20391  5.32713  3.12909  1.28778  4.65018  3.50474  3.85527  4.11615  2.30546  3.62366  4.38107  3.13752  4.05695  2.87143  3.01195  2.86175  2.55089  3.44521  5.77790  4.38578    228 e - - -
          2.68618  4.42225  2.77519  2.73123  3.46354  2.40513  3.72494  3.29354  2.67741  2.69355  4.24690  2.90347  2.73739  3.18146  2.89801  2.37887  2.77519  2.98518  4.58477  3.61503
          0.01050  4.95757  5.67992  0.61958  0.77255  0.48576  0.95510
     75   2.25287  5.36533  2.74814  1.90500  4.70892  3.56993  3.81973  4.08687  1.98303  3.58067  4.15246  2.76555  4.02599  2.46746  2.64424  2.57406  2.89597  3.30599  5.79887  4.38887    229 e - - -
          2.68618  4.42225  2.77519  2.73123  3.46354  2.40513  3.72494  3.29354  2.67741  2.69355  4.24690  2.90347  2.73739  3.18146  2.89801  2.37887  2.77519  2.98518  4.58477  3.61503
          0.01050  4.95757  5.67992  0.61958  0.77255  0.48576  0.95510
     76   2.40639  5.34052  2.69315  2.07009  4.50300  3.55077  3.82500  3.61436  2.34420  3.33751  4.38431  2.90888  3.85845  2.16476  2.75249  2.59720  3.08960  3.40775  5.78036  2.68263    230 e - - -
          2.68618  4.42225  2.77519  2.73123  3.46354  2.40513  3.72494  3.29354  2.67741  2.69355  4.24690  2.90347  2.73739  3.18146  2.89801  2.37887  2.77519  2.98518  4.58477  3.61503
          0.01050  4.95757  5.67992  0.61958  0.77255  0.48576  0.95510
     77   2.90108  4.29274  4.75171  4.00508  3.08547  4.05881  4.38555  2.23313  3.71991  1.48840  2.17802  4.18322  4.42158  3.56461  4.00081  3.36546  3.09603  2.37380  4.91050  2.25852    231 l - - -
          2.68618  4.42225  2.77519  2.73123  3.46354  2.40513  3.72494  3.29354  2.67741  2.69355  4.24690  2.90347  2.73739  3.18146  2.89801  2.37887  2.77519  2.98518  4.58477  3.61503
          0.01050  4.95757  5.67992  0.61958  0.77255  0.48576  0.95510
     78   2.45501  5.55208  2.97556  0.94949  4.88835  3.50422  3.98912  4.36872  2.51304  3.85730  4.62608  3.17642  4.16626  2.77405  3.25877  2.73538  3.30897  3.94435  5.99968  4.58369    232 e - - -
          2.68618  4.42225  2.77519  2.73123  3.46354  2.40513  3.72494  3.29354  2.67741  2.69355  4.24690  2.90347  2.73739  3.18146  2.89801  2.37887  2.77519  2.98518  4.58477  3.61503
          0.01050  4.95757  5.67992  0.61958  0.77255  0.48576  0.95510
     79   2.57070  5.36735  2.78981  2.07257  4.71182  3.17698  3.59960  4.07647  1.84777  3.50074  4.23533  2.41484  4.02556  2.65787  2.81455  2.44697  2.72124  3.53105  5.80037  4.38980    233 k - - -
          2.68618  4.42225  2.77519  2.73123  3.46354  2.40513  3.72494  3.29354  2.67741  2.69355  4.24690  2.90347  2.73739  3.18146  2.89801  2.37887  2.77519  2.98518  4.58477  3.61503
          0.01050  4.95757  5.67992  0.61958  0.77255  0.48576  0.95510
     80   2.88350  5.39105  2.82089  2.13963  4.73984  3.64850  3.61318  4.22330  1.81567  3.69422  4.43246  2.89778  4.04379  2.13381  1.97275  2.63862  3.05868  3.78406  5.81773  4.41161    234 k - - -
          2.68618  4.42225  2.77519  2.73123  3.46354  2.40513  3.72494  3.29354  2.67741  2.69355  4.24690  2.90347  2.73739  3.18146  2.89801  2.37887  2.77519  2.98518  4.58477  3.61503
          0.01050  4.95757  5.67992  0.61958  0.77255  0.48576  0.95510
     81   3.69637  4.97430  5.61801  5.04228  3.64922  5.02356  5.39197  2.32207  4.89308  0.66909  2.95605  5.16288  5.22639  4.93352  4.91539  4.37851  3.29095  1.81869  5.65534  4.59140    235 L - - -
          2.68618  4.42225  2.77519  2.73123  3.46354  2.40513  3.72494  3.29354  2.67741  2.69355  4.24690  2.90347  2.73739  3.18146  2.89801  2.37887  2.77519  2.98518  4.58477  3.61503
          0.01050  4.95757  5.67992  0.61958  0.77255  0.48576  0.95510
     82   2.28462  4.72041  3.12015  1.73743  4.68502  3.49516  3.82585  4.07011  1.66176  3.64962  4.39220  2.97441  4.03213  2.79787  2.68623  2.67307  2.95307  3.58104  5.78624  4.38242    236 k - - -
          2.68618  4.42225  2.77519  2.73123  3.46354  2.40513  3.72494  3.29354  2.67741  2.69355  4.24690  2.90347  2.73739  3.18146  2.89801  2.37887  2.77519  2.98518  4.58477  3.61503
          0.01050  4.95757  5.67992  0.61958  0.77255  0.48576  0.95510
     83   2.49800  5.37107  2.36134  1.86023  4.71643  3.21033  3.67529  4.09275  2.33574  3.67646  4.41173  2.53093  4.02603  2.50039  2.70359  2.36776  2.87433  3.66218  5.80350  4.39219    237 e - - -
          2.68618  4.42225  2.77519  2.73123  3.46354  2.40513  3.72494  3.29354  2.67741  2.69355  4.24690  2.90347  2.73739  3.18146  2.89801  2.37887  2.77519  2.98518  4.58477  3.61503
          0.01050  4.95757  5.67992  0.61958  0.77255  0.48576  0.95510
     84   2.32780  4.30743  4.64053  4.04021  3.40684  4.04257  4.36639  1.45658  3.87159  2.04907  2.60962  3.73171  4.40819  4.04480  3.78419  3.22639  2.41187  2.24751  4.93212  3.75019    238 i - - -
          2.68618  4.42225  2.77519  2.73123  3.46354  2.40513  3.72494  3.29354  2.67741  2.69355  4.24690  2.90347  2.73739  3.18146  2.89801  2.37887  2.77519  2.98518  4.58477  3.61503
          0.01050  4.95757  5.67992  0.61958  0.77255  0.48576  0.95510
     85   4.32942  5.50643  6.23101  5.68584  3.60128  5.76165  6.08035  2.49185  5.52948  0.33568  3.33289  5.94441  5.71041  5.35909  5.46482  5.20975  4.53659  2.70315  5.93360  5.00085    239 L - - -
          2.68618  4.42225  2.77519  2.73123  3.46354  2.40513  3.72494  3.29354  2.67741  2.69355  4.24690  2.90347  2.73739  3.18146  2.89801  2.37887  2.77519  2.98518  4.58477  3.61503
          0.01050  4.95757  5.67992  0.61958  0.77255  0.48576  0.95510
     86   2.56046  5.37072  2.99765  1.67163  4.71181  2.97591  3.71938  4.19535  2.16586  3.57568  4.41306  3.06003  4.03334  2.71304  2.97622  1.85016  3.02840  3.75935  5.80529  4.39598    240 e - - -
          2.68618  4.42225  2.77519  2.73123  3.46354  2.40513  3.72494  3.29354  2.67741  2.69355  4.24690  2.90347  2.73739  3.18146  2.89801  2.37887  2.77519  2.98518  4.58477  3.61503
          0.01050  4.95757  5.67992  0.61958  0.77255  0.48576  0.95510
     87   2.62591  4.12580  3.07360  2.39400  4.67891  3.63680  3.82468  4.15735  1.78455  3.56055  4.19822  2.50563  4.02999  1.88309  2.91536  2.49410  2.87804  3.64782  5.78304  4.14190    241 k - - -
          2.68618  4.42225  2.77519  2.73123  3.46354  2.40513  3.72494  3.29354  2.67741  2.69355  4.24690  2.90347  2.73739  3.18146  2.89801  2.37887  2.77519  2.98518  4.58477  3.61503
          0.01050  4.95757  5.67992  0.61958  0.77255  0.48576  0.95510
     88   3.53365  4.79082  5.55520  5.02353  4.03125  4.96834  5.48198  1.07797  4.90150  2.55409  2.28582  5.11606  5.24275  5.08662  4.99281  4.33926  3.05975  1.20394  5.89138  4.70654    242 i - - -
          2.68618  4.42225  2.77519  2.73123  3.46354  2.40513  3.72494  3.29354  2.67741  2.69355  4.24690  2.90347  2.73739  3.18146  2.89801  2.37887  2.77519  2.98518  4.58477  3.61503
          0.01050  4.95757  5.67992  0.61958  0.77255  0.48576  0.95510
     89   2.62507  5.36016  2.39825  1.61153  4.70115  3.58026  3.72795  3.67366  2.35537  3.66368  4.40194  2.83013  3.93535  2.55649  2.81423  2.62789  2.96094  2.85213  5.79524  4.38668    243 e - - -
          2.68618  4.42225  2.77519  2.73123  3.46354  2.40513  3.72494  3.29354  2.67741  2.69355  4.24690  2.90347  2.73739  3.18146  2.89801  2.37887  2.77519  2.98518  4.58477  3.61503
          0.01050  4.95757  5.67992  0.61958  0.77255  0.48576  0.95510
     90   3.40556  5.36041  3.52755  3.78963  5.65004  0.27060  5.26145  5.33812  4.44190  4.93826  5.80670  3.86815  4.68944  4.57547  4.79299  3.53955  3.93254  4.61538  6.82821  5.66306    244 G - - -
          2.68618  4.42225  2.77519  2.73123  3.46354  2.40513  3.72494  3.29354  2.67741  2.69355  4.24690  2.90347  2.73739  3.18146  2.89801  2.37887  2.77519  2.98518  4.58477  3.61503
          0.01050  4.95757  5.67992  0.61958  0.77255  0.48576  0.95510
     91   1.83705  4.67449  5.15741  4.61659  3.96269  4.60501  5.12088  2.03276  4.49086  2.50410  3.85283  4.73635  4.96533  4.70930  4.62759  3.71629  3.58833  0.83411  5.67423  4.47360    245 v - - -
          2.68618  4.42225  2.77519  2.73123  3.46354  2.40513  3.72494  3.29354  2.67741  2.69355  4.24690  2.90347  2.73739  3.18146  2.89801  2.37887  2.77519  2.98518  4.58477  3.61503
          0.01050  4.95757  5.67992  0.61958  0.77255  0.48576  0.95510
     92   3.52085  6.06823  2.51986  2.36597  5.42146  0.66688  4.36688  4.94310  3.30948  4.43635  5.29115  3.01777  4.42357  3.43895  4.01510  2.96884  3.82480  4.50055  6.60707  5.09341    246 G - - -
          2.68618  4.42225  2.77519  2.73123  3.46354  2.40513  3.72494  3.29354  2.67741  2.69355  4.24690  2.90347  2.73739  3.18146  2.89801  2.37887  2.77519  2.98518  4.58477  3.61503
          0.01050  4.95757  5.67992  0.61958  0.77255  0.48576  0.95510
     93   2.71902  5.38152  2.39324  1.84979  4.72702  3.63550  3.82640  4.21358  1.86248  3.68661  4.42261  2.73484  4.03208  2.64852  2.49773  2.39230  2.96864  3.77250  5.81317  4.40135    247 e - - -
          2.68618  4.42225  2.77519  2.73123  3.46354  2.40513  3.72494  3.29354  2.67741  2.69355  4.24690  2.90347  2.73739  3.18146  2.89801  2.37887  2.77519  2.98518  4.58477  3.61503
          0.01050  4.95757  5.67992  0.61958  0.77255  0.48576  0.95510
     94   3.03274  4.13033  5.38982  4.91179  4.22757  4.61221  5.47663  2.18775  4.79438  2.90795  4.06297  4.93491  5.07774  5.02442  4.92873  4.02378  3.00403  0.51461  6.03047  4.82351    248 V - - -
          2.68618  4.42225  2.77519  2.73123  3.46354  2.40513  3.72494  3.29354  2.67741  2.69355  4.24690  2.90347  2.73739  3.18146  2.89801  2.37887  2.77519  2.98518  4.58477  3.61503
          0.01050  4.95757  5.67992  0.61958  0.77255  0.48576  0.95510
     95   2.80156  5.38254  2.32114  1.83378  4.72745  3.63568  3.82788  4.21397  1.91400  3.68751  4.42384  2.93643  4.03300  2.48053  2.85638  2.33193  2.61481  3.77321  5.81458  4.40252    249 e - - -
          2.68618  4.42225  2.77519  2.73123  3.46354  2.40513  3.72494  3.29354  2.67741  2.69355  4.24690  2.90347  2.73739  3.18146  2.89801  2.37887  2.77519  2.98518  4.58477  3.61503
          0.01050  4.95757  5.67992  0.61958  0.77255  0.48576  0.95510
     96   3.50886  4.96961  5.78164  5.36952  4.41439  5.21594  6.17713  1.95225  5.29476  2.83749  4.14584  5.48316  5.54919  5.59078  5.47377  4.68029  4.01609  0.40839  6.54906  5.30364    250 V - - -
          2.68618  4.42225  2.77519  2.73123  3.46354  2.40513  3.72494  3.29354  2.67741  2.69355  4.24690  2.90347  2.73739  3.18146  2.89801  2.37887  2.77519  2.98518  4.58477  3.61503
          0.01050  4.95757  5.67992  0.61958  0.77255  0.48576  0.95510
     97   2.83496  4.43997  3.95974  3.30763  3.55419  3.93664  4.22032  2.83628  3.35946  2.37222  1.34680  3.69813  4.31046  3.46869  3.68697  2.77635  2.70932  2.18034  5.04271  3.83734    251 m - - -
          2.68618  4.42225  2.77519  2.73123  3.46354  2.40513  3.72494  3.29354  2.67741  2.69355  4.24690  2.90347  2.73739  3.18146  2.89801  2.37887  2.77519  2.98518  4.58477  3.61503
          0.01050  4.95757  5.67992  0.61958  0.77255  0.48576  0.95510
     98   3.81548  4.99034  5.95021  5.49453  4.33520  5.50042  6.28044  1.05242  5.45699  2.34139  3.88840  5.66178  5.67959  5.69525  5.61904  4.95050  4.07314  0.84166  6.51921  5.31562    252 v - - -
          2.68618  4.42225  2.77519  2.73123  3.46354  2.40513  3.72494  3.29354  2.67741  2.69355  4.24690  2.90347  2.73739  3.18146  2.89801  2.37887  2.77519  2.98518  4.58477  3.61503
          0.01050  4.95757  5.67992  0.61958  0.77255  0.48576  0.95510
     99   2.86780  4.59405  3.33311  2.77487  4.19204  3.71964  3.57270  3.59532  2.75971  3.22609  4.05723  2.21979  4.11012  3.10690  2.92650  2.51395  1.48050  2.93213  5.49831  3.48659    253 t - - -
          2.68618  4.42225  2.77519  2.73123  3.46354  2.40513  3.72494  3.29354  2.67741  2.69355  4.24690  2.90347  2.73739  3.18146  2.89801  2.37887  2.77519  2.98518  4.58477  3.61503
          0.01050  4.95757  5.67992  0.61958  0.77255  0.48576  0.95510
    100   3.06029  4.18562  4.99329  4.38333  2.30335  4.23911  4.55493  2.47343  4.17926  0.97029  3.37059  4.39028  4.57827  4.29136  4.19039  3.55384  3.21979  2.12512  4.44714  3.51881    254 l - - -
          2.68618  4.42225  2.77519  2.73123  3.46354  2.40513  3.72494  3.29354  2.67741  2.69355  4.24690  2.90347  2.73739  3.18146  2.89801  2.37887  2.77519  2.98518  4.58477  3.61503
          0.01050  4.95757  5.67992  0.61958  0.77255  0.48576  0.95510
    101   2.29385  5.36458  2.32965  1.90670  4.70625  3.58711  3.82306  4.18997  1.75251  3.50125  4.40632  3.01184  4.02873  2.78906  3.00134  2.48337  3.09276  3.41136  5.79910  4.13150    255 k - - -
          2.68618  4.42225  2.77519  2.73123  3.46354  2.40513  3.72494  3.29354  2.67741  2.69355  4.24690  2.90347  2.73739  3.18146  2.89801  2.37887  2.77519  2.98518  4.58477  3.61503
          0.01050  4.95757  5.67992  0.61958  0.77255  0.48576  0.95510
    102   2.38714  5.32841  2.84095  2.46371  4.65346  3.09379  3.84286  4.03876  2.56324  3.56574  4.37881  2.73164  4.04325  2.88994  2.98672  1.37988  2.69471  3.70919  5.77746  4.37905    256 s - - -
          2.68618  4.42225  2.77519  2.73123  3.46354  2.40513  3.72494  3.29354  2.67741  2.69355  4.24690  2.90347  2.73739  3.18146  2.89801  2.37887  2.77519  2.98518  4.58477  3.61503
          0.01050  4.95757  5.67992  0.61958  0.77255  0.48576  0.95510
    103   2.96646  5.44489  2.71353  2.39216  4.78102  2.12585  3.92288  4.26112  2.70217  3.75610  4.51365  2.78850  4.10343  2.91090  3.20472  1.58150  2.21425  3.83615  5.90343  4.48975    257 s - - -
          2.68618  4.42225  2.77519  2.73123  3.46354  2.40513  3.72494  3.29354  2.67741  2.69355  4.24690  2.90347  2.73739  3.18146  2.89801  2.37887  2.77519  2.98518  4.58477  3.61503
          0.01050  4.95757  5.67992  0.61958  0.77255  0.48576  0.95510
    104   2.65989  5.31044  3.13154  1.67703  4.63150  2.51929  3.83201  3.64351  2.32963  3.36876  4.12331  2.90218  3.01915  2.90335  3.03532  2.36695  2.85270  3.36746  5.75787  4.36195    258 e - - -
          2.68618  4.42225  2.77519  2.73123  3.46354  2.40513  3.72494  3.29354  2.67741  2.69355  4.24690  2.90347  2.73739  3.18146  2.89801  2.37887  2.77519  2.98518  4.58477  3.61503
          0.01050  4.95757  5.67992  0.61958  0.77255  0.48576  0.95510
    105   2.79664  5.32776  3.13696  1.28636  4.65477  3.64806  3.63410  4.12537  2.33316  3.22166  4.11381  3.12366  4.04067  2.46327  2.72292  2.71583  3.01712  3.22232  5.76971  4.37411    259 e - - -
          2.68618  4.42225  2.77519  2.73123  3.46354  2.40513  3.72494  3.29354  2.67741  2.69355  4.24690  2.90347  2.73739  3.18146  2.89801  2.37887  2.77519  2.98518  4.58477  3.61503
          0.01050  4.95757  5.67992  0.61958  0.77255  0.48576  0.95510
    106   2.82034  5.26022  3.03493  2.54055  4.56201  3.65203  3.58708  3.11079  1.56825  3.14407  4.19160  2.94456  4.04431  2.51323  2.72942  2.52405  2.91578  3.09362  5.71961  3.38931    260 k - - -
          2.68618  4.42225  2.77519  2.73123  3.46354  2.40513  3.72494  3.29354  2.67741  2.69355  4.24690  2.90347  2.73739  3.18146  2.89801  2.37887  2.77519  2.98518  4.58477  3.61503
          0.01050  4.95757  5.67992  0.61958  0.77255  0.48576  0.95510
    107   2.88529  4.64705  3.27132  2.36250  3.79319  3.84344  4.09483  2.11960  3.09318  2.72950  3.74939  3.46151  4.22665  3.10506  3.46364  2.96329  3.00461  1.42580  5.22759  3.98478    261 v - - -
          2.68618  4.42225  2.77519  2.73123  3.46354  2.40513  3.72494  3.29354  2.67741  2.69355  4.24690  2.90347  2.73739  3.18146  2.89801  2.37887  2.77519  2.98518  4.58477  3.61503
          0.01050  4.95757  5.67992  0.61958  0.77255  0.48576  0.95510
    108   2.76531  4.29263  4.72144  4.11603  2.80820  4.05070  4.18198  2.40428  3.93061  1.92280  3.40538  4.16578  2.51061  4.08686  3.98734  3.35616  3.12863  1.73027  4.90573  2.11649    262 v - - -
          2.68618  4.42225  2.77519  2.73123  3.46354  2.40513  3.72494  3.29354  2.67741  2.69355  4.24690  2.90347  2.73739  3.18146  2.89801  2.37887  2.77519  2.98518  4.58477  3.61503
          0.01050  4.95757  5.67992  0.61958  0.77255  0.48576  0.95510
    109   1.59537  5.25138  3.01339  1.67246  4.54722  3.65742  3.26130  4.00011  2.61042  3.11589  4.30578  3.14683  4.05152  2.77857  3.04555  2.85467  3.09827  3.29362  5.71417  4.04932    263 a - - -
          2.68618  4.42225  2.77519  2.73123  3.46354  2.40513  3.72494  3.29354  2.67741  2.69355  4.24690  2.90347  2.73739  3.18146  2.89801  2.37887  2.77519  2.98518  4.58477  3.61503
          0.01050  4.95757  5.67992  0.61958  0.77255  0.48576  0.95510
    110   2.86538  4.97770  3.32474  2.53203  3.75359  3.71764  3.92756  3.30606  1.53195  3.04003  3.72780  3.27331  4.10597  2.91552  2.87799  2.69360  2.66412  2.41182  5.49722  3.41812    264 k - - -
          2.68618  4.42225  2.77519  2.73123  3.46354  2.40513  3.72494  3.29354  2.67741  2.69355  4.24690  2.90347  2.73739  3.18146  2.89801  2.37887  2.77519  2.98518  4.58477  3.61503
          0.01050  4.95757  5.67992  0.61958  0.77255  0.48576  0.95510
    111   3.69151  6.44864  1.02289  2.44698  5.70951  3.80256  4.43011  5.29144  3.38893  4.72668  5.61248  1.13818  4.47904  3.60694  4.25284  3.51883  3.84084  4.81148  6.87335  5.26665    265 d - - -
          2.68618  4.42225  2.77519  2.73123  3.46354  2.40513  3.72494  3.29354  2.67741  2.69355  4.24690  2.90347  2.73739  3.18146  2.89801  2.37887  2.77519  2.98518  4.58477  3.61503
          0.01050  4.95757  5.67992  0.61958  0.77255  0.48576  0.95510
    112   2.73353  5.25976  3.07695  2.45329  4.56140  3.44892  3.66417  3.29364  2.37910  3.48718  4.15221  2.94438  4.04409  2.33892  2.39342  2.55527  2.13578  2.50523  5.71931  4.19232    266 t - - -
          2.68618  4.42225  2.77519  2.73123  3.46354  2.40513  3.72494  3.29354  2.67741  2.69355  4.24690  2.90347  2.73739  3.18146  2.89801  2.37887  2.77519  2.98518  4.58477  3.61503
          0.01050  4.95757  5.67992  0.61958  0.77255  0.48576  0.95510
    113   2.81706  5.34804  2.95035  2.28957  4.68423  3.63559  3.82368  3.74605  2.11970  3.64951  4.39108  2.29131  3.26878  2.66429  2.92761  2.29338  2.23312  2.87818  5.78605  4.38054    267 k - - -
          2.68618  4.42225  2.77519  2.73123  3.46354  2.40513  3.72494  3.29354  2.67741  2.69355  4.24690  2.90347  2.73739  3.18146  2.89801  2.37887  2.77519  2.98518  4.58477  3.61503
          0.01050  4.95757  5.67992  0.61958  0.77255  0.48576  0.95510
    114   2.63783  5.32621  2.56253  2.31125  4.65357  3.41217  3.82816  3.47334  2.21124  3.31174  4.21816  2.80633  4.03223  2.74277  2.78826  2.29826  2.26303  3.22144  5.76963  3.22380    268 k - - -
          2.68618  4.42225  2.77519  2.73123  3.46354  2.40513  3.72494  3.29354  2.67741  2.69355  4.24690  2.90347  2.73739  3.18146  2.89801  2.37887  2.77519  2.98518  4.58477  3.61503
          0.01050  4.95757  5.67992  0.61958  0.77255  0.48576  0.95510
    115   2.85882  5.36368  2.84789  2.36223  4.70633  3.11453  3.60043  4.19056  2.43887  3.66788  4.06453  2.45562  4.02668  2.39872  2.58315  1.85323  2.40196  3.60397  5.79775  4.38829    269 s - - -
          2.68618  4.42225  2.77519  2.73123  3.46354  2.40513  3.72494  3.29354  2.67741  2.69355  4.24690  2.90347  2.73739  3.18146  2.89801  2.37887  2.77519  2.98518  4.58477  3.61503
          0.01050  4.95757  5.67992  0.61958  0.77255  0.48576  0.95510
    116   2.85888  5.36469  2.97558  2.17407  4.70790  3.53612  3.76137  4.19238  2.01870  3.66905  4.04113  2.68169  4.02660  2.19310  2.53421  2.29066  2.40017  3.31564  5.79835  4.38878    270 k - - -
          2.68618  4.42225  2.77519  2.73123  3.46354  2.40513  3.72494  3.29354  2.67741  2.69355  4.24690  2.90347  2.73739  3.18146  2.89801  2.37887  2.77519  2.98518  4.58477  3.61503
          0.01050  4.95757  5.67992  0.61958  0.77255  0.48576  0.95510
    117   2.77276  5.37090  2.90673  2.07597  4.71613  3.63288  3.62686  4.20204  2.16615  3.67607  4.41166  2.40373  4.02678  2.24630  2.50563  2.24007  2.51661  3.66736  5.80326  4.39242    271 e - - -
          2.68618  4.42225  2.77519  2.73123  3.46354  2.40513  3.72494  3.29354  2.67741  2.69355  4.24690  2.90347  2.73739  3.18146  2.89801  2.37887  2.77519  2.98518  4.58477  3.61503
          0.02625  4.95757  3.96993  0.61958  0.77255  0.48576  0.95510
    118   2.82905  5.16061  3.03575  2.47987  4.29047  3.66445  3.70164  3.05648  2.44806  3.11566  4.22206  2.84932  4.05567  2.90081  2.76513  2.34284  1.66067  2.99022  5.64140  4.28144    272 t - - -
          2.68618  4.42225  2.77519  2.73123  3.46354  2.40513  3.72494  3.29354  2.67741  2.69355  4.24690  2.90347  2.73739  3.18146  2.89801  2.37887  2.77519  2.98518  4.58477  3.61503
          0.01066  4.94199  5.66434  0.61958  0.77255  0.46099  0.99604
    119   2.90387  4.50362  4.05599  3.49003  3.65634  3.93093  4.25988  2.59546  3.41320  2.48001  3.64088  3.15287  4.32784  3.68848  3.69694  2.81304  1.21087  2.11966  5.14370  3.93207    273 t - - -
          2.68618  4.42225  2.77519  2.73123  3.46354  2.40513  3.72494  3.29354  2.67741  2.69355  4.24690  2.90347  2.73739  3.18146  2.89801  2.37887  2.77519  2.98518  4.58477  3.61503
          0.01646  4.95757  4.67831  0.61958  0.77255  0.48576  0.95510
    120   2.87024  5.38125  2.70858  1.59378  4.72473  3.34054  3.82847  4.21089  2.21723  3.68581  4.42306  2.60729  4.03258  2.36083  3.06173  2.59563  2.40137  3.53935  5.81418  4.40198    274 e - - -
          2.68618  4.42225  2.77519  2.73123  3.46354  2.40513  3.72494  3.29354  2.67741  2.69355  4.24690  2.90347  2.73739  3.18146  2.89801  2.37887  2.77519  2.98518  4.58477  3.61503
          0.01056  4.95167  5.67402  0.61958  0.77255  0.50153  0.93039
    121   3.32625  5.80934  2.83978  0.63050  5.16528  3.76724  4.20202  4.65420  3.06265  4.14903  4.96357  3.04990  4.32624  3.01094  3.56281  3.07815  3.38616  3.92315  6.29839  4.85636    275 E - - -
          2.68618  4.42225  2.77519  2.73123  3.46354  2.40513  3.72494  3.29354  2.67741  2.69355  4.24690  2.90347  2.73739  3.18146  2.89801  2.37887  2.77519  2.98518  4.58477  3.61503
          0.01056  4.95167  5.67402  0.61958  0.77255  0.50153  0.93039
    122   2.79696  5.33619  3.06393  2.06892  4.66824  3.30273  3.82418  4.14488  1.84297  3.63574  3.44434  2.99461  4.02909  2.72544  2.94346  2.41277  1.96248  3.71984  5.77657  4.06205    276 k - - -
          2.68618  4.42225  2.77519  2.73123  3.46354  2.40513  3.72494  3.29354  2.67741  2.69355  4.24690  2.90347  2.73739  3.18146  2.89801  2.37887  2.77519  2.98518  4.58477  3.61503
          0.01056  4.95167  5.67402  0.61958  0.77255  0.50153  0.93039
    123   3.41285  6.39042  0.49005  2.43568  5.68615  3.36606  4.44173  5.25654  3.58815  4.70864  5.59987  3.24763  4.47980  3.33766  4.27707  3.51856  3.64407  4.78208  6.86607  5.26814    277 D - - -
          2.68618  4.42225  2.77519  2.73123  3.46354  2.40513  3.72494  3.29354  2.67741  2.69355  4.24690  2.90347  2.73739  3.18146  2.89801  2.37887  2.77519  2.98518  4.58477  3.61503
          0.02075  4.95167  4.30748  0.61958  0.77255  0.47603  0.97087
    124   2.54342  5.35236  3.11450  2.55961  4.69196  3.18730  3.76232  4.17202  1.91445  3.65470  4.39586  2.73209  3.89912  2.39076  2.69030  1.81065  2.62270  3.74036  5.78847  4.38356    278 s - - -
          2.68618  4.42225  2.77519  2.73123  3.46354  2.40513  3.72494  3.29354  2.67741  2.69355  4.24690  2.90347  2.73739  3.18146  2.89801  2.37887  2.77519  2.98518  4.58477  3.61503
          0.02430  4.94755  4.07999  0.61958  0.77255  0.51236  0.91399
    125   2.21191  5.37115  2.76631  1.82371  4.71460  3.12312  3.81964  4.20057  2.46611  3.67576  4.41291  2.51033  4.02397  2.24239  2.95493  2.29897  2.94025  3.76105  5.80431  4.39238    279 e - - -
          2.68618  4.42225  2.77519  2.73123  3.46354  2.40513  3.72494  3.29354  2.67741  2.69355  4.24690  2.90347  2.73739  3.18146  2.89801  2.37887  2.77519  2.98518  4.58477  3.61503
          0.01075  4.93400  5.65634  0.61958  0.77255  0.44938  1.01617
    126   3.47517  5.84963  2.57685  2.72358  5.40706  0.58171  4.44892  4.91005  2.95319  4.43277  5.29742  3.35069  4.44953  3.63363  3.99600  3.20532  3.81831  4.44857  6.60388  5.14223    280 G - - -
          2.68618  4.42225  2.77519  2.73123  3.46354  2.40513  3.72494  3.29354  2.67741  2.69355  4.24690  2.90347  2.73739  3.18146  2.89801  2.37887  2.77519  2.98518  4.58477  3.61503
          0.01572  4.95757  4.75945  0.61958  0.77255  0.48576  0.95510
    127   2.46874  4.95031  3.36982  3.01427  4.46022  0.94956  4.19501  3.59431  3.05522  3.50514  4.33208  3.28864  4.19552  3.13278  3.48847  2.65164  3.09409  3.31125  5.76653  4.46804    281 g - - -
          2.68618  4.42225  2.77519  2.73123  3.46354  2.40513  3.72494  3.29354  2.67741  2.69355  4.24690  2.90347  2.73739  3.18146  2.89801  2.37887  2.77519  2.98518  4.58477  3.61503
          0.01055  4.95240  5.67475  0.61958  0.77255  0.49960  0.93336
    128   2.81707  5.26986  3.05679  2.44223  4.57597  3.42350  3.83936  3.67016  2.00509  3.55825  3.97671  2.94900  4.04041  2.76874  2.86071  2.53286  1.63913  3.00591  5.72649  4.34069    282 t - - -
          2.68618  4.42225  2.77519  2.73123  3.46354  2.40513  3.72494  3.29354  2.67741  2.69355  4.24690  2.90347  2.73739  3.18146  2.89801  2.37887  2.77519  2.98518  4.58477  3.61503
          0.01055  4.95240  5.67475  0.61958  0.77255  0.49960  0.93336
    129   3.49312  5.70691  3.79385  2.99130  5.17866  4.11686  4.08297  4.52621  2.31898  3.94600  4.78847  3.48244  4.48771  2.89763  0.67750  2.98820  3.31303  4.18080  5.98566  4.79188    283 R - - -
          2.68618  4.42225  2.77519  2.73123  3.46354  2.40513  3.72494  3.29354  2.67741  2.69355  4.24690  2.90347  2.73739  3.18146  2.89801  2.37887  2.77519  2.98518  4.58477  3.61503
          0.01055  4.95240  5.67475  0.61958  0.77255  0.49960  0.93336
    130   2.82642  5.34806  2.65857  2.26571  4.68512  3.63321  3.39498  4.16544  2.02777  3.56486  4.02837  2.58711  4.02657  2.69944  2.93900  2.62500  2.05575  2.65244  5.78550  4.37949    284 k - - -
          2.68618  4.42225  2.77519  2.73123  3.46354  2.40513  3.72494  3.29354  2.67741  2.69355  4.24690  2.90347  2.73739  3.18146  2.89801  2.37887  2.77519  2.98518  4.58477  3.61503
          0.01055  4.95240  5.67475  0.61958  0.77255  0.49960  0.93336
    131   2.64278  4.79810  3.34195  2.79873  3.97256  3.76986  3.99726  2.49178  2.89607  2.87701  3.88929  2.59913  4.15520  2.87759  3.31477  2.49845  1.96632  2.09762  5.34971  4.07396    285 t - - -
          2.68618  4.42225  2.77519  2.73123  3.46354  2.40513  3.72494  3.29354  2.67741  2.69355  4.24690  2.90347  2.73739  3.18146  2.89801  2.37887  2.77519  2.98518  4.58477  3.61503
          0.01055  4.95240  5.67475  0.61958  0.77255  0.47720  0.96894
    132   2.80632  5.33207  2.84701  2.15229  4.66154  3.63850  3.82750  3.67367  2.37225  3.63067  3.65544  2.39847  4.03180  2.63112  3.05862  2.31289  1.83949  3.47863  5.77419  4.37281    286 t - - -
          2.68618  4.42225  2.77519  2.73123  3.46354  2.40513  3.72494  3.29354  2.67741  2.69355  4.24690  2.90347  2.73739  3.18146  2.89801  2.37887  2.77519  2.98518  4.58477  3.61503
          0.01050  4.95757  5.67992  0.61958  0.77255  0.48576  0.95510
    133   2.90477  5.46522  2.25269  1.64261  4.80501  3.65410  3.88454  4.29592  2.54941  3.76829  4.51132  2.51509  4.07747  2.14543  3.14881  2.18689  2.87124  3.85380  5.89697  4.47487    287 e - - -
          2.68618  4.42225  2.77519  2.73123  3.46354  2.40513  3.72494  3.29354  2.67741  2.69355  4.24690  2.90347  2.73739  3.18146  2.89801  2.37887  2.77519  2.98518  4.58477  3.61503
          0.01050  4.95757  5.67992  0.61958  0.77255  0.48576  0.95510
    134   2.75315  5.34609  2.80627  2.06282  4.68161  3.42072  3.61273  3.33803  2.23631  3.47440  4.01165  2.82135  4.02891  2.36871  2.89702  2.35779  2.27548  3.28182  5.78452  3.93794    288 e - - -
          2.68618  4.42225  2.77519  2.73123  3.46354  2.40513  3.72494  3.29354  2.67741  2.69355  4.24690  2.90347  2.73739  3.18146  2.89801  2.37887  2.77519  2.98518  4.58477  3.61503
          0.01050  4.95757  5.67992  0.61958  0.77255  0.48576  0.95510
    135   2.86675  5.37325  2.68044  2.11129  4.48506  3.63531  3.82682  4.20042  2.44575  3.67733  4.41506  2.19959  4.03174  2.56187  2.89167  1.95785  2.21228  3.76255  5.80711  4.39660    289 s - - -
          2.68618  4.42225  2.77519  2.73123  3.46354  2.40513  3.72494  3.29354  2.67741  2.69355  4.24690  2.90347  2.73739  3.18146  2.89801  2.37887  2.77519  2.98518  4.58477  3.61503
          0.01050  4.95757  5.67992  0.61958  0.77255  0.48576  0.95510
    136   2.85819  5.35932  2.45689  2.07395  4.70040  3.48078  3.70658  4.08178  2.27965  3.43869  3.89450  2.75547  4.02680  2.77157  2.45779  2.24765  2.33497  3.25320  5.79439  4.09314    290 e - - -
          2.68618  4.42225  2.77519  2.73123  3.46354  2.40513  3.72494  3.29354  2.67741  2.69355  4.24690  2.90347  2.73739  3.18146  2.89801  2.37887  2.77519  2.98518  4.58477  3.61503
          0.01050  4.95757  5.67992  0.61958  0.77255  0.48576  0.95510
    137   2.86031  5.36898  2.23967  2.00321  4.71296  2.68406  3.82112  3.69742  2.39125  3.67378  4.41004  2.44874  4.02709  2.59382  2.86442  2.26140  2.81210  3.57457  5.80220  4.39158    291 e - - -
          2.68618  4.42225  2.77519  2.73123  3.46354  2.40513  3.72494  3.29354  2.67741  2.69355  4.24690  2.90347  2.73739  3.18146  2.89801  2.37887  2.77519  2.98518  4.58477  3.61503
          0.01050  4.95757  5.67992  0.61958  0.77255  0.48576  0.95510
    138   2.70479  5.37791  2.78880  1.60916  4.72275  2.65739  3.72202  4.20921  2.21923  3.68303  4.41899  2.54598  3.90055  2.71922  2.78953  2.43834  2.96992  3.76850  5.81030  4.39840    292 e - - -
          2.68618  4.42225  2.77519  2.73123  3.46354  2.40513  3.72494  3.29354  2.67741  2.69355  4.24690  2.90347  2.73739  3.18146  2.89801  2.37887  2.77519  2.98518  4.58477  3.61503
          0.01050  4.95757  5.67992  0.61958  0.77255  0.48576  0.95510
    139   2.86739  5.37491  2.75034  2.07259  4.71796  3.63566  3.82684  3.95409  2.13713  3.67913  4.41659  2.66597  4.03205  2.00699  3.03421  2.52033  2.05188  3.76456  5.80824  4.39764    293 q - - -
          2.68618  4.42225  2.77519  2.73123  3.46354  2.40513  3.72494  3.29354  2.67741  2.69355  4.24690  2.90347  2.73739  3.18146  2.89801  2.37887  2.77519  2.98518  4.58477  3.61503
          0.01050  4.95757  5.67992  0.61958  0.77255  0.48576  0.95510
    140   2.73919  4.31517  4.55490  3.95811  3.41376  4.02167  3.77926  2.08884  3.80337  1.91502  3.37153  4.08070  4.38850  3.98941  3.91568  2.54281  2.06903  1.70370  4.93352  3.54051    294 v - - -
          2.68618  4.42225  2.77519  2.73123  3.46354  2.40513  3.72494  3.29354  2.67741  2.69355  4.24690  2.90347  2.73739  3.18146  2.89801  2.37887  2.77519  2.98518  4.58477  3.61503
          0.01050  4.95757  5.67992  0.61958  0.77255  0.48576  0.95510
    141   3.31217  4.93793  5.83022  5.36222  4.33535  5.35224  6.09068  1.63442  5.30365  2.40384  4.07051  5.51223  5.57827  5.55750  5.46576  4.78265  3.99843  0.55959  6.42347  5.20279    295 V - - -
          2.68618  4.42225  2.77519  2.73123  3.46354  2.40513  3.72494  3.29354  2.67741  2.69355  4.24690  2.90347  2.73739  3.18146  2.89801  2.37887  2.77519  2.98518  4.58477  3.61503
          0.01050  4.95757  5.67992  0.61958  0.77255  0.48576  0.95510
    142   2.94553  4.31865  4.88570  4.27362  2.80790  4.11921  4.45164  1.95308  4.06630  1.82930  2.35030  4.27345  4.47559  4.19648  4.08223  3.43124  2.55388  2.04256  4.94025  2.25074    296 l - - -
          2.68618  4.42225  2.77519  2.73123  3.46354  2.40513  3.72494  3.29354  2.67741  2.69355  4.24690  2.90347  2.73739  3.18146  2.89801  2.37887  2.77519  2.98518  4.58477  3.61503
          0.40853  4.95757  1.11369  0.61958  0.77255  0.48576  0.95510
    143   2.47485  4.41553  3.62717  2.55944  3.45948  3.58143  3.96053  2.40586  3.00994  2.52041  3.32190  3.36356  4.08251  3.15067  3.35483  2.47912  2.49297  1.99697  5.00040  3.60120    297 v - - -
          2.68618  4.42225  2.77519  2.73123  3.46354  2.40513  3.72494  3.29354  2.67741  2.69355  4.24690  2.90347  2.73739  3.18146  2.89801  2.37887  2.77519  2.98518  4.58477  3.61503
          0.22751  4.56463  1.64468  0.61958  0.77255  0.32635  1.27853
    144   2.71931  5.26175  2.72486  2.30577  4.59339  3.50206  3.66142  3.93853  2.43617  3.40933  4.17428  2.47231  3.78596  2.38152  2.50729  2.32256  2.45280  2.96950  5.70255  3.79122    298 e - - -
          2.68618  4.42225  2.77519  2.73123  3.46354  2.40513  3.72494  3.29354  2.67741  2.69355  4.24690  2.90347  2.73739  3.18146  2.89801  2.37887  2.77519  2.98518  4.58477  3.61503
          0.04260  4.76149  3.40665  0.61958  0.77255  0.50580  0.92387
    145   2.82326  5.33482  2.53515  2.12200  4.67978  2.96911  3.71514  4.16600  2.27781  3.63990  4.37584  2.38453  3.98825  2.57664  2.27235  2.41145  2.58527  3.72547  5.76715  4.35566    299 e - - -
          2.68618  4.42225  2.77519  2.73123  3.46354  2.40513  3.72494  3.29354  2.67741  2.69355  4.24690  2.90347  2.73739  3.18146  2.89801  2.37887  2.77519  2.98518  4.58477  3.61503
          0.14377  4.85328  2.07057  0.61958  0.77255  0.40072  1.10816
    146   2.68614  5.31712  2.62644  2.27056  4.65885  2.37379  3.77391  4.14300  2.41360  3.62102  4.35905  2.29058  3.61972  2.52661  2.92973  2.17839  2.83273  3.46497  5.75164  4.34179    300 s - - -
          2.68623  4.42230  2.77521  2.73119  3.46359  2.40512  3.72500  3.29359  2.67746  2.69360  4.24695  2.90340  2.73745  3.18151  2.89806  2.37861  2.77519  2.98523  4.58482  3.61508
          0.08121  2.73510  4.33391  0.83388  0.56980  0.34101  1.24150
    147   2.67814  5.37071  2.57489  2.44280  4.70656  1.92378  3.83898  4.18757  2.56539  3.67260  4.16342  2.61759  4.04030  2.60478  3.02446  1.87152  3.02921  3.75686  5.80939  4.40103    306 s - - -
          2.68618  4.42225  2.77520  2.73119  3.46354  2.40513  3.72495  3.29354  2.67741  2.69355  4.24690  2.90347  2.73740  3.18147  2.89801  2.37884  2.77520  2.98519  4.58477  3.61504
          0.06449  3.77310  3.23210  0.47755  0.96838  0.50740  0.92145
    148   3.03665  5.56913  2.34263  2.28605  4.89647  1.35834  3.95814  4.39080  2.47458  3.86777  4.62751  2.81472  4.12990  2.86509  3.28087  2.35060  3.18005  3.95274  6.00444  4.56860    308 g - - -
          2.68618  4.42225  2.77519  2.73123  3.46354  2.40513  3.72494  3.29354  2.67741  2.69355  4.24690  2.90347  2.73739  3.18146  2.89801  2.37887  2.77519  2.98518  4.58477  3.61503
          0.07993  4.91275  2.66696  0.61958  0.77255  0.59772  0.79865
    149   2.49669  5.31656  2.93672  1.92460  4.65785  2.88900  3.77716  3.99694  2.11371  3.62021  4.35827  2.68312  3.98301  2.33287  2.96798  2.29137  2.87377  3.34464  5.75147  4.16380    309 e - - -
          2.68615  4.42227  2.77521  2.73125  3.46356  2.40504  3.72496  3.29356  2.67733  2.69357  4.24691  2.90348  2.73741  3.18148  2.89802  2.37888  2.77521  2.98520  4.58479  3.61505
          0.04326  3.25667  5.56693  0.58315  0.81675  0.53775  0.87721
    150   2.79401  5.36563  2.60408  1.73633  4.70987  3.13449  3.66737  4.19689  2.10883  3.67051  4.40732  2.71900  4.01284  2.33753  3.04345  2.28721  2.76174  3.75598  5.79794  4.38475    314 e - - -
          2.68618  4.42225  2.77519  2.73123  3.46354  2.40513  3.72494  3.29354  2.67741  2.69355  4.24690  2.90347  2.73739  3.18146  2.89801  2.37887  2.77519  2.98518  4.58477  3.61503
          0.01112  4.89997  5.62232  0.61958  0.77255  0.43756  1.03735
    151   2.40274  5.26238  3.14892  1.99907  4.56630  3.64736  3.83920  3.46519  2.36747  3.54989  4.14482  3.06446  4.03977  2.28879  2.98092  2.35999  2.16540  2.87253  5.72052  4.33608    315 e - - -
          2.68618  4.42225  2.77519  2.73123  3.46354  2.40513  3.72494  3.29354  2.67741  2.69355  4.24690  2.90347  2.73739  3.18146  2.89801  2.37887  2.77519  2.98518  4.58477  3.61503
          0.01059  4.94894  5.67129  0.61958  0.77255  0.47167  0.97806
    152   2.48783  5.03649  4.47541  4.43286  5.47511  3.77698  5.47145  4.92751  4.58411  4.63510  5.53105  4.38994  0.33278  4.84503  4.75415  3.34030  3.69914  4.25790  6.74978  5.67529    316 P - - -
          2.68618  4.42225  2.77519  2.73123  3.46354  2.40513  3.72494  3.29354  2.67741  2.69355  4.24690  2.90347  2.73739  3.18146  2.89801  2.37887  2.77519  2.98518  4.58477  3.61503
          0.01050  4.95757  5.67992  0.61958  0.77255  0.48576  0.95510
    153   3.12095  4.47619  5.06109  4.45591  2.92775  4.31682  4.63961  2.16203  4.25674  1.68527  3.05705  4.46808  4.64869  4.36827  4.27005  3.63506  3.35127  1.51119  5.08340  1.88130    317 v - - -
          2.68618  4.42225  2.77519  2.73123  3.46354  2.40513  3.72494  3.29354  2.67741  2.69355  4.24690  2.90347  2.73739  3.18146  2.89801  2.37887  2.77519  2.98518  4.58477  3.61503
          0.01050  4.95757  5.67992  0.61958  0.77255  0.48576  0.95510
    154   3.70653  4.91398  5.79713  5.30650  4.21793  5.28154  5.92456  1.12293  5.22988  2.26250  3.43240  5.43695  5.50395  5.44015  5.35525  4.69261  3.63504  0.89350  6.25127  5.05884    318 v - - -
          2.68618  4.42225  2.77519  2.73123  3.46354  2.40513  3.72494  3.29354  2.67741  2.69355  4.24690  2.90347  2.73739  3.18146  2.89801  2.37887  2.77519  2.98518  4.58477  3.61503
          0.01050  4.95757  5.67992  0.61958  0.77255  0.48576  0.95510
    155   2.72717  4.60308  3.74573  2.60678  3.74219  3.85433  4.10765  2.62149  2.75477  2.24662  3.70673  3.58722  4.23412  3.43704  3.48927  2.18919  2.30911  1.84403  5.18633  3.95088    319 v - - -
          2.68618  4.42225  2.77519  2.73123  3.46354  2.40513  3.72494  3.29354  2.67741  2.69355  4.24690  2.90347  2.73739  3.18146  2.89801  2.37887  2.77519  2.98518  4.58477  3.61503
          0.01050  4.95757  5.67992  0.61958  0.77255  0.48576  0.95510
    156   2.92515  5.43332  3.27301  2.40475  4.79701  3.74606  3.87941  4.25115  1.20808  3.71910  3.79176  3.21924  4.13018  2.48789  2.18067  2.88228  2.85817  3.83625  5.83049  4.47140    320 k - - -
          2.68618  4.42225  2.77519  2.73123  3.46354  2.40513  3.72494  3.29354  2.67741  2.69355  4.24690  2.90347  2.73739  3.18146  2.89801  2.37887  2.77519  2.98518  4.58477  3.61503
          0.01050  4.95757  5.67992  0.61958  0.77255  0.48576  0.95510
    157   2.90948  5.38705  3.06406  1.40449  4.72474  3.66515  3.85659  4.19898  2.15183  3.68420  4.43361  3.13667  4.06609  2.64137  2.92541  2.87459  1.96406  3.58810  5.81901  4.42119    321 e - - -
          2.68618  4.42225  2.77519  2.73123  3.46354  2.40513  3.72494  3.29354  2.67741  2.69355  4.24690  2.90347  2.73739  3.18146  2.89801  2.37887  2.77519  2.98518  4.58477  3.61503
          0.01050  4.95757  5.67992  0.61958  0.77255  0.48576  0.95510
    158   2.86659  4.88930  2.97014  2.49749  4.08268  3.74260  3.96033  2.49649  2.33014  2.03209  3.10746  3.03282  4.12938  3.06775  2.95940  2.75666  2.82850  2.90787  5.42509  3.15354    322 l - - -
          2.68618  4.42225  2.77519  2.73123  3.46354  2.40513  3.72494  3.29354  2.67741  2.69355  4.24690  2.90347  2.73739  3.18146  2.89801  2.37887  2.77519  2.98518  4.58477  3.61503
          0.01050  4.95757  5.67992  0.61958  0.77255  0.48576  0.95510
    159   2.36795  5.30839  3.13311  2.20949  4.23322  3.64290  3.83253  4.09724  1.70054  3.01643  3.43187  2.86794  4.03572  2.69923  2.61080  2.44354  2.85836  3.59594  5.75616  4.18906    323 k - - -
          2.68618  4.42225  2.77519  2.73123  3.46354  2.40513  3.72494  3.29354  2.67741  2.69355  4.24690  2.90347  2.73739  3.18146  2.89801  2.37887  2.77519  2.98518  4.58477  3.61503
          0.01050  4.95757  5.67992  0.61958  0.77255  0.48576  0.95510
    160   2.36547  4.82793  4.17320  3.90477  4.68946  3.66761  4.88961  4.06898  3.88669  3.80895  4.73793  4.03263  0.55054  4.21705  4.15251  3.13199  3.41354  3.36446  6.12950  4.29701    324 P - - -
          2.68618  4.42225  2.77519  2.73123  3.46354  2.40513  3.72494  3.29354  2.67741  2.69355  4.24690  2.90347  2.73739  3.18146  2.89801  2.37887  2.77519  2.98518  4.58477  3.61503
          0.01050  4.95757  5.67992  0.61958  0.77255  0.48576  0.95510
    161   2.71665  5.37044  2.82268  1.70118  4.71446  3.63445  3.82259  4.19945  1.90834  3.67495  4.41165  3.01774  3.75791  2.07256  2.80612  2.73112  2.96079  3.25868  5.80331  4.39326    325 e - - -
          2.68618  4.42225  2.77519  2.73123  3.46354  2.40513  3.72494  3.29354  2.67741  2.69355  4.24690  2.90347  2.73739  3.18146  2.89801  2.37887  2.77519  2.98518  4.58477  3.61503
          0.01050  4.95757  5.67992  0.61958  0.77255  0.48576  0.95510
    162   3.44504  4.89667  5.72348  5.25783  4.32654  5.18834  5.94022  0.83497  5.18068  2.83074  4.08469  5.37945  4.68610  5.44028  5.33564  4.61181  3.93341  1.03529  6.33832  5.11177    326 i - - -
          2.68618  4.42225  2.77519  2.73123  3.46354  2.40513  3.72494  3.29354  2.67741  2.69355  4.24690  2.90347  2.73739  3.18146  2.89801  2.37887  2.77519  2.98518  4.58477  3.61503
          0.01050  4.95757  5.67992  0.61958  0.77255  0.48576  0.95510
    163   2.39396  5.34446  3.12145  1.74052  4.67898  3.54482  3.82630  4.06369  2.27103  3.20782  4.38822  3.03080  4.03233  2.65819  2.03230  2.55935  2.79564  3.50421  5.78294  4.37999    327 e - - -
          2.68618  4.42225  2.77519  2.73123  3.46354  2.40513  3.72494  3.29354  2.67741  2.69355  4.24690  2.90347  2.73739  3.18146  2.89801  2.37887  2.77519  2.98518  4.58477  3.61503
          0.01050  4.95757  5.67992  0.61958  0.77255  0.48576  0.95510
    164   4.43651  5.98731  5.28361  5.33183  6.25026  0.07960  6.24896  6.22114  5.62341  5.66253  6.72451  5.45269  5.37908  5.86962  5.63722  4.65205  4.97816  5.56314  6.96300  6.42131    328 G - - -
          2.68618  4.42225  2.77519  2.73123  3.46354  2.40513  3.72494  3.29354  2.67741  2.69355  4.24690  2.90347  2.73739  3.18146  2.89801  2.37887  2.77519  2.98518  4.58477  3.61503
          0.01050  4.95757  5.67992  0.61958  0.77255  0.48576  0.95510
    165   3.53136  4.96191  5.86024  5.40905  4.38631  5.38460  6.20288  1.70849  5.35460  2.80264  3.89150  5.56393  5.61988  5.62982  5.53290  4.83103  4.02981  0.47293  6.52494  5.29406    329 V - - -
          2.68618  4.42225  2.77519  2.73123  3.46354  2.40513  3.72494  3.29354  2.67741  2.69355  4.24690  2.90347  2.73739  3.18146  2.89801  2.37887  2.77519  2.98518  4.58477  3.61503
          0.01050  4.95757  5.67992  0.61958  0.77255  0.48576  0.95510
    166   2.95002  3.34992  5.09386  4.49849  3.39521  4.36233  4.72661  2.07047  4.30833  1.16639  3.20786  4.51663  4.69945  4.44456  4.33597  3.68579  3.17243  1.54445  5.19561  4.02561    330 l - - -
          2.68618  4.42225  2.77519  2.73123  3.46354  2.40513  3.72494  3.29354  2.67741  2.69355  4.24690  2.90347  2.73739  3.18146  2.89801  2.37887  2.77519  2.98518  4.58477  3.61503
          0.01050  4.95757  5.67992  0.61958  0.77255  0.48576  0.95510
    167   3.81514  4.99816  5.94273  5.51925  4.43861  5.48319  6.39534  1.47982  5.48577  2.81643  4.14309  5.68138  5.70465  5.77726  5.67776  4.95724  4.08585  0.51658  6.65645  5.40738    331 V - - -
          2.68618  4.42225  2.77519  2.73123  3.46354  2.40513  3.72494  3.29354  2.67741  2.69355  4.24690  2.90347  2.73739  3.18146  2.89801  2.37887  2.77519  2.98518  4.58477  3.61503
          0.01050  4.95757  5.67992  0.61958  0.77255  0.48576  0.95510
    168   3.00175  4.64641  5.22859  4.67609  3.90373  4.63592  5.10011  1.73404  4.53548  2.23959  3.80325  4.76741  4.96964  4.73364  4.63787  3.05728  3.57558  0.80018  5.60827  4.41242    332 v - - -
          2.68618  4.42225  2.77519  2.73123  3.46354  2.40513  3.72494  3.29354  2.67741  2.69355  4.24690  2.90347  2.73739  3.18146  2.89801  2.37887  2.77519  2.98518  4.58477  3.61503
          0.01050  4.95757  5.67992  0.61958  0.77255  0.48576  0.95510
    169   0.30143  3.35212  5.16876  5.02299  5.23834  3.61224  5.57866  4.44134  4.87391  4.33879  5.22160  4.46814  4.46240  5.03629  4.91014  3.11833  3.45578  3.85105  6.64942  5.57650    333 A - - -
          2.68618  4.42225  2.77519  2.73123  3.46354  2.40513  3.72494  3.29354  2.67741  2.69355  4.24690  2.90347  2.73739  3.18146  2.89801  2.37887  2.77519  2.98518  4.58477  3.61503
          0.01050  4.95757  5.67992  0.61958  0.77255  0.48576  0.95510
    170   2.87335  5.38627  2.28972  1.63031  4.73096  3.31632  3.83055  4.21758  2.11748  3.69108  4.18469  3.02754  3.83792  2.10478  2.90144  2.65889  3.10516  3.77685  5.81822  4.40586    334 e - - -
          2.68618  4.42225  2.77519  2.73123  3.46354  2.40513  3.72494  3.29354  2.67741  2.69355  4.24690  2.90347  2.73739  3.18146  2.89801  2.37887  2.77519  2.98518  4.58477  3.61503
          0.01050  4.95757  5.67992  0.61958  0.77255  0.48576  0.95510
    171   4.43651  5.98731  5.28361  5.33183  6.25026  0.07960  6.24896  6.22114  5.62341  5.66253  6.72451  5.45269  5.37908  5.86962  5.63722  4.65205  4.97816  5.56314  6.96300  6.42131    335 G - - -
          2.68618  4.42225  2.77519  2.73123  3.46354  2.40513  3.72494  3.29354  2.67741  2.69355  4.24690  2.90347  2.73739  3.18146  2.89801  2.37887  2.77519  2.98518  4.58477  3.61503
          0.01050  4.95757  5.67992  0.61958  0.77255  0.48576  0.95510
    172   0.82951  4.71269  4.65525  4.38136  5.08642  1.30776  5.21765  4.46484  4.36212  4.20917  5.02338  4.20354  4.35983  4.57135  4.56157  2.86323  3.34656  2.85057  6.46499  5.33071    336 a - - -
          2.68618  4.42225  2.77519  2.73123  3.46354  2.40513  3.72494  3.29354  2.67741  2.69355  4.24690  2.90347  2.73739  3.18146  2.89801  2.37887  2.77519  2.98518  4.58477  3.61503
          0.01050  4.95757  5.67992  0.61958  0.77255  0.48576  0.95510
    173   2.65559  5.36498  2.05897  1.86856  4.46290  2.21182  3.82470  4.18928  2.46749  3.66846  4.40699  2.78046  4.02988  2.89105  2.82270  2.53297  3.09440  3.75341  5.27817  4.22646    337 e - - -
          2.68618  4.42225  2.77519  2.73123  3.46354  2.40513  3.72494  3.29354  2.67741  2.69355  4.24690  2.90347  2.73739  3.18146  2.89801  2.37887  2.77519  2.98518  4.58477  3.61503
          0.01050  4.95757  5.67992  0.61958  0.77255  0.48576  0.95510
    174   3.09082  5.62042  1.51187  2.55760  4.94338  3.69624  3.63071  4.43721  2.78399  3.91714  4.68274  1.43842  4.17282  3.08475  3.17923  2.52218  3.26367  3.86783  6.05696  4.61937    338 n - - -
          2.68618  4.42225  2.77519  2.73123  3.46354  2.40513  3.72494  3.29354  2.67741  2.69355  4.24690  2.90347  2.73739  3.18146  2.89801  2.37887  2.77519  2.98518  4.58477  3.61503
          0.01050  4.95757  5.67992  0.61958  0.77255  0.48576  0.95510
    175   1.98141  4.97133  3.32865  2.62772  4.18508  3.22241  3.93017  2.73272  2.53193  2.98176  4.05025  3.03299  2.28527  3.06413  3.20997  2.38842  2.99558  2.78810  5.49278  4.17922    339 a - - -
          2.68618  4.42225  2.77519  2.73123  3.46354  2.40513  3.72494  3.29354  2.67741  2.69355  4.24690  2.90347  2.73739  3.18146  2.89801  2.37887  2.77519  2.98518  4.58477  3.61503
          0.01050  4.95757  5.67992  0.61958  0.77255  0.48576  0.95510
    176   2.49397  5.25868  3.15548  2.30650  4.55993  3.20484  3.74442  3.63674  2.30633  2.95744  4.10628  2.90244  4.04424  2.26965  2.48918  2.69643  2.58403  2.51936  5.71849  4.16843    340 q - - -
          2.68618  4.42225  2.77519  2.73123  3.46354  2.40513  3.72494  3.29354  2.67741  2.69355  4.24690  2.90347  2.73739  3.18146  2.89801  2.37887  2.77519  2.98518  4.58477  3.61503
          0.01050  4.95757  5.67992  0.61958  0.77255  0.48576  0.95510
    177   3.67597  4.89233  5.74213  5.25910  4.30262  5.24193  5.92533  1.40345  5.18516  2.56851  4.06230  5.39555  5.49105  5.43577  5.33793  4.65490  2.89392  0.69043  6.30931  5.08587    341 V - - -
          2.68618  4.42225  2.77519  2.73123  3.46354  2.40513  3.72494  3.29354  2.67741  2.69355  4.24690  2.90347  2.73739  3.18146  2.89801  2.37887  2.77519  2.98518  4.58477  3.61503
          0.01050  4.95757  5.67992  0.61958  0.77255  0.48576  0.95510
    178   2.59066  5.31673  3.19505  2.47348  4.63742  3.68354  3.85586  3.79451  1.41328  3.60312  4.19203  3.16578  4.07303  2.51743  2.22787  2.81554  3.13027  2.75172  5.75652  4.38117    342 k - - -
          2.68618  4.42225  2.77519  2.73123  3.46354  2.40513  3.72494  3.29354  2.67741  2.69355  4.24690  2.90347  2.73739  3.18146  2.89801  2.37887  2.77519  2.98518  4.58477  3.61503
          0.01050  4.95757  5.67992  0.61958  0.77255  0.48576  0.95510
    179   2.04304  5.34460  2.97959  2.06497  4.67944  3.57339  3.82428  4.15821  2.11094  2.99922  4.26428  2.75886  4.02941  2.47637  2.88070  2.58408  2.75506  3.72974  5.78343  3.20175    343 a - - -
          2.68618  4.42225  2.77519  2.73123  3.46354  2.40513  3.72494  3.29354  2.67741  2.69355  4.24690  2.90347  2.73739  3.18146  2.89801  2.37887  2.77519  2.98518  4.58477  3.61503
          0.01050  4.95757  5.67992  0.61958  0.77255  0.48576  0.95510
    180   2.58102  5.35368  2.56948  2.03167  4.69237  3.56956  3.82214  4.17384  2.40855  3.32145  3.85310  2.22345  4.02776  2.67341  2.38996  2.59933  2.85422  3.74089  3.41767  4.20855    344 e - - -
          2.68618  4.42225  2.77519  2.73123  3.46354  2.40513  3.72494  3.29354  2.67741  2.69355  4.24690  2.90347  2.73739  3.18146  2.89801  2.37887  2.77519  2.98518  4.58477  3.61503
          0.01050  4.95757  5.67992  0.61958  0.77255  0.48576  0.95510
    181   3.87143  5.06333  5.94903  5.44603  4.00264  5.44635  6.02249  0.80722  5.36595  1.48897  3.52807  5.60798  5.58790  5.45561  5.43795  4.86743  4.11368  1.67741  6.17623  5.08693    345 i - - -
          2.68618  4.42225  2.77519  2.73123  3.46354  2.40513  3.72494  3.29354  2.67741  2.69355  4.24690  2.90347  2.73739  3.18146  2.89801  2.37887  2.77519  2.98518  4.58477  3.61503
          0.01050  4.95757  5.67992  0.61958  0.77255  0.48576  0.95510
    182   2.80731  4.43600  4.09424  3.28008  2.98753  3.93663  3.57818  2.29392  3.20453  2.41429  3.46473  3.81689  4.30990  3.51110  3.69144  2.20786  1.81679  2.16189  5.03833  3.53434    346 t - - -
          2.68618  4.42225  2.77519  2.73123  3.46354  2.40513  3.72494  3.29354  2.67741  2.69355  4.24690  2.90347  2.73739  3.18146  2.89801  2.37887  2.77519  2.98518  4.58477  3.61503
          0.01050  4.95757  5.67992  0.61958  0.77255  0.48576  0.95510
    183   2.86000  5.37124  2.41617  1.61970  4.71649  3.53540  3.65054  4.20261  2.17461  3.52251  4.41195  2.58557  4.02652  2.52653  2.69364  2.59196  2.92863  3.68122  5.80365  3.95216    347 e - - -
          2.68618  4.42225  2.77519  2.73123  3.46354  2.40513  3.72494  3.29354  2.67741  2.69355  4.24690  2.90347  2.73739  3.18146  2.89801  2.37887  2.77519  2.98518  4.58477  3.61503
          0.01050  4.95757  5.67992  0.61958  0.77255  0.48576  0.95510
    184   0.49662  4.68276  4.55344  4.15208  4.62719  3.62821  4.95854  3.83252  4.06477  3.68382  4.05890  4.13084  4.36858  4.32577  4.29859  2.74376  2.98757  2.97151  6.06837  4.89525    348 A - - -
          2.68618  4.42225  2.77519  2.73123  3.46354  2.40513  3.72494  3.29354  2.67741  2.69355  4.24690  2.90347  2.73739  3.18146  2.89801  2.37887  2.77519  2.98518  4.58477  3.61503
          0.01050  4.95757  5.67992  0.61958  0.77255  0.48576  0.95510
    185   3.04559  4.72795  5.41157  4.87446  4.02927  4.83358  5.33961  1.64310  4.74962  2.73624  2.99822  4.97120  5.13973  4.95467  4.85713  4.19472  2.89957  0.74752  5.81134  4.61067    349 v - - -
          2.68618  4.42225  2.77519  2.73123  3.46354  2.40513  3.72494  3.29354  2.67741  2.69355  4.24690  2.90347  2.73739  3.18146  2.89801  2.37887  2.77519  2.98518  4.58477  3.61503
          0.01050  4.95757  5.67992  0.61958  0.77255  0.48576  0.95510
    186   2.46453  4.58624  3.14343  1.97092  4.59626  3.64708  3.83793  3.95193  2.38685  3.51193  3.60233  3.12905  4.03968  1.91951  2.87448  2.30246  2.52684  3.32928  5.73859  4.34923    350 q - - -
          2.68618  4.42225  2.77519  2.73123  3.46354  2.40513  3.72494  3.29354  2.67741  2.69355  4.24690  2.90347  2.73739  3.18146  2.89801  2.37887  2.77519  2.98518  4.58477  3.61503
          0.01050  4.95757  5.67992  0.61958  0.77255  0.48576  0.95510
    187   1.91097  5.22417  2.95903  2.61995  4.51571  3.66035  3.85642  3.96335  2.30548  3.50770  4.28321  2.95583  4.05347  2.97519  2.38675  2.47414  2.21843  2.52946  5.69471  4.32142    351 a - - -
          2.68618  4.42225  2.77519  2.73123  3.46354  2.40513  3.72494  3.29354  2.67741  2.69355  4.24690  2.90347  2.73739  3.18146  2.89801  2.37887  2.77519  2.98518  4.58477  3.61503
          0.01050  4.95757  5.67992  0.61958  0.77255  0.48576  0.95510
    188   2.21859  4.33521  4.50749  3.91667  3.27268  3.18922  4.34074  2.76572  3.77207  1.17228  3.45489  4.06011  4.38650  3.96803  3.90335  3.09114  3.04597  2.03417  4.95863  3.56500    352 l - - -
          2.68618  4.42225  2.77519  2.73123  3.46354  2.40513  3.72494  3.29354  2.67741  2.69355  4.24690  2.90347  2.73739  3.18146  2.89801  2.37887  2.77519  2.98518  4.58477  3.61503
          0.01050  4.95757  5.67992  0.61958  0.77255  0.48576  0.95510
    189   3.77757  5.05370  5.45620  4.98699  1.31290  4.84532  4.43358  3.08993  4.78782  0.94945  3.77911  4.80293  5.12270  4.74676  4.74253  4.18604  3.99620  3.16437  4.00291  2.50621    353 l - - -
          2.68618  4.42225  2.77519  2.73123  3.46354  2.40513  3.72494  3.29354  2.67741  2.69355  4.24690  2.90347  2.73739  3.18146  2.89801  2.37887  2.77519  2.98518  4.58477  3.61503
          0.01050  4.95757  5.67992  0.61958  0.77255  0.48576  0.95510
    190   3.14323  5.70622  1.58233  2.41334  5.02860  1.91604  3.74697  4.53307  2.88182  4.00214  4.76943  1.85237  4.19996  2.80690  3.28164  2.88186  3.39301  4.08775  6.13649  4.68251    354 d - - -
          2.68618  4.42225  2.77519  2.73123  3.46354  2.40513  3.72494  3.29354  2.67741  2.69355  4.24690  2.90347  2.73739  3.18146  2.89801  2.37887  2.77519  2.98518  4.58477  3.61503
          0.01050  4.95757  5.67992  0.61958  0.77255  0.48576  0.95510
    191   3.81848  4.99792  5.94380  5.47939  4.26653  5.47796  6.21378  1.18480  5.43179  1.91417  3.98610  5.64150  5.65455  5.64064  5.57418  4.92140  4.07381  0.86141  6.43927  5.25825    355 v - - -
          2.68618  4.42225  2.77519  2.73123  3.46354  2.40513  3.72494  3.29354  2.67741  2.69355  4.24690  2.90347  2.73739  3.18146  2.89801  2.37887  2.77519  2.98518  4.58477  3.61503
          0.01050  4.95757  5.67992  0.61958  0.77255  0.48576  0.95510
    192   2.64902  5.44110  2.75936  1.95658  4.76932  3.66498  3.90857  4.24914  2.63936  3.74239  4.49828  3.07660  1.51847  2.94405  3.12808  2.28791  3.06762  3.82513  5.88815  4.47518    356 p - - -
          2.68618  4.42225  2.77519  2.73123  3.46354  2.40513  3.72494  3.29354  2.67741  2.69355  4.24690  2.90347  2.73739  3.18146  2.89801  2.37887  2.77519  2.98518  4.58477  3.61503
          0.01050  4.95757  5.67992  0.61958  0.77255  0.48576  0.95510
    193   1.64680  4.86720  3.41528  2.47364  4.05626  3.54920  3.96991  3.22176  2.83799  2.86639  3.86922  3.34355  2.90211  3.11943  3.27107  2.27962  2.74260  2.56913  5.40753  3.85497    357 a - - -
          2.68618  4.42225  2.77519  2.73123  3.46354  2.40513  3.72494  3.29354  2.67741  2.69355  4.24690  2.90347  2.73739  3.18146  2.89801  2.37887  2.77519  2.98518  4.58477  3.61503
          0.01050  4.95757  5.67992  0.61958  0.77255  0.48576  0.95510
    194   2.88158  5.35260  2.58200  2.55909  4.65325  3.67276  1.39979  4.11579  2.59227  3.63834  4.40857  2.78643  4.09039  2.88366  3.15669  2.83727  2.99034  3.72074  5.80699  2.77971    358 h - - -
          2.68618  4.42225  2.77519  2.73123  3.46354  2.40513  3.72494  3.29354  2.67741  2.69355  4.24690  2.90347  2.73739  3.18146  2.89801  2.37887  2.77519  2.98518  4.58477  3.61503
          0.01050  4.95757  5.67992  0.61958  0.77255  0.48576  0.95510
    195   3.53959  5.78981  3.56962  3.20975  5.30648  4.15809  4.07241  4.64402  0.85071  4.01529  4.85238  3.63688  4.50941  2.91661  1.50444  3.30813  3.69575  4.28503  6.01491  4.83526    359 k - - -
          2.68618  4.42225  2.77519  2.73123  3.46354  2.40513  3.72494  3.29354  2.67741  2.69355  4.24690  2.90347  2.73739  3.18146  2.89801  2.37887  2.77519  2.98518  4.58477  3.61503
          0.01050  4.95757  5.67992  0.61958  0.77255  0.48576  0.95510
    196   3.82664  5.00064  5.97043  5.54635  4.44997  5.52584  6.44334  0.81765  5.52273  2.81768  4.14616  5.71526  5.72938  5.81415  5.71815  5.00185  4.09471  0.95465  6.68563  5.43823    360 i - - -
          2.68618  4.42225  2.77519  2.73123  3.46354  2.40513  3.72494  3.29354  2.67741  2.69355  4.24690  2.90347  2.73739  3.18146  2.89801  2.37887  2.77519  2.98518  4.58477  3.61503
          0.01050  4.95757  5.67992  0.61958  0.77255  0.48576  0.95510
    197   2.52123  4.64771  3.13515  2.53381  4.62240  3.64374  3.70221  3.89267  1.78896  3.28118  4.05622  2.45330  4.03651  2.59248  2.74445  2.03813  2.81709  3.34320  5.75280  4.35874    361 k - - -
          2.68618  4.42225  2.77519  2.73123  3.46354  2.40513  3.72494  3.29354  2.67741  2.69355  4.24690  2.90347  2.73739  3.18146  2.89801  2.37887  2.77519  2.98518  4.58477  3.61503
          0.01050  4.95757  5.67992  0.61958  0.77255  0.48576  0.95510
    198   3.81633  4.99795  5.94655  5.52291  4.44162  5.48937  6.40242  1.43946  5.49104  2.81845  4.14477  5.68603  5.70826  5.78303  5.68383  4.96359  4.08663  0.53167  6.66163  5.41229    362 V - - -
          2.68618  4.42225  2.77519  2.73123  3.46354  2.40513  3.72494  3.29354  2.67741  2.69355  4.24690  2.90347  2.73739  3.18146  2.89801  2.37887  2.77519  2.98518  4.58477  3.61503
          0.01050  4.95757  5.67992  0.61958  0.77255  0.48576  0.95510
    199   2.65885  4.27753  4.75245  3.83793  2.77422  4.04578  4.37406  2.57621  3.95005  1.54473  2.14729  4.17525  4.41027  3.84841  3.99303  3.07616  3.00202  2.02696  4.89774  2.72349    363 l - - -
          2.68618  4.42225  2.77519  2.73123  3.46354  2.40513  3.72494  3.29354  2.67741  2.69355  4.24690  2.90347  2.73739  3.18146  2.89801  2.37887  2.77519  2.98518  4.58477  3.61503
          0.01050  4.95757  5.67992  0.61958  0.77255  0.48576  0.95510
    200   2.62080  5.40557  3.14872  2.49348  4.74948  3.70520  3.90572  4.21071  1.66759  3.70584  4.47074  3.18785  1.61535  2.71582  3.05372  2.61029  3.20320  3.80076  5.84610  4.46566    364 p - - -
          2.68618  4.42225  2.77519  2.73123  3.46354  2.40513  3.72494  3.29354  2.67741  2.69355  4.24690  2.90347  2.73739  3.18146  2.89801  2.37887  2.77519  2.98518  4.58477  3.61503
          0.01050  4.95757  5.67992  0.61958  0.77255  0.48576  0.95510
    201   2.83916  5.16379  3.29980  2.72987  4.42914  3.35823  3.79700  3.63792  1.79686  3.42514  1.97188  3.24679  4.11610  2.94308  2.00825  2.74288  3.14620  3.51169  5.63827  4.03296    365 k - - -
          2.68618  4.42225  2.77519  2.73123  3.46354  2.40513  3.72494  3.29354  2.67741  2.69355  4.24690  2.90347  2.73739  3.18146  2.89801  2.37887  2.77519  2.98518  4.58477  3.61503
          0.01675  4.95338  4.65085  0.61958  0.77255  0.48576  0.95510
    202   2.78700  5.35165  2.98583  2.18812  4.69095  3.12234  3.81836  4.17267  1.51851  3.65433  4.39392  2.65195  4.02418  2.77532  2.87252  2.33577  2.85180  3.15185  5.09808  4.38048    366 k - - -
          2.68618  4.42225  2.77519  2.73123  3.46354  2.40513  3.72494  3.29354  2.67741  2.69355  4.24690  2.90347  2.73739  3.18146  2.89801  2.37887  2.77519  2.98518  4.58477  3.61503
          0.15375  4.92104  2.00085  0.61958  0.77255  0.50211  0.92950
    203   2.72875  5.29115  2.50866  2.27576  4.39496  2.81239  3.75274  4.01813  2.01178  3.59472  3.71172  2.69991  3.31427  2.67638  2.75251  2.34361  2.72220  3.45392  5.72624  4.31771    367 k - - -
          2.68609  4.42263  2.77525  2.73057  3.46392  2.40491  3.72532  3.29380  2.67707  2.69387  4.24728  2.90341  2.73764  3.18143  2.89784  2.37893  2.77529  2.98523  4.58515  3.61520
          0.58099  0.81949        *  1.00279  0.45705  0.00000        *
//
