HMMER3/f [3.1b1 | May 2013]
NAME  NOG.ENOG4111WBG.meta_raw
LENG  199
ALPH  amino
RF    no
MM    no
CONS  yes
CS    no
MAP   yes
DATE  Sat Apr 18 06:00:51 2015
NSEQ  69
EFFN  2.766907
CKSUM 1169905299
STATS LOCAL MSV      -10.6690  0.70542
STATS LOCAL VITERBI  -11.0542  0.70542
STATS LOCAL FORWARD   -4.8301  0.70542
HMM          A        C        D        E        F        G        H        I        K        L        M        N        P        Q        R        S        T        V        W        Y   
            m->m     m->i     m->d     i->m     i->i     d->m     d->d
  COMPO   2.47492  4.77400  2.85083  2.45935  3.63658  3.04421  3.93366  2.74258  2.51878  2.59850  3.63454  2.91686  3.62687  2.93170  2.93151  2.60948  2.78290  2.59653  5.21341  3.81331
          2.68641  4.42242  2.77532  2.73123  3.46380  2.40531  3.72520  3.29366  2.67653  2.69389  4.24322  2.90359  2.73731  3.18162  2.89808  2.37898  2.77520  2.98534  4.58395  3.61520
          0.28054  1.76128  2.62001  1.76205  0.18837  0.00000        *
      1   3.08684  4.52258  4.55139  3.97873  3.11803  4.22389  4.52887  2.48915  3.54393  1.96573  1.12121  4.20777  4.54579  4.04456  3.99260  3.53439  3.32077  2.16932  5.10547  3.92950     21 m - - -
          2.68618  4.42225  2.77519  2.73123  3.46354  2.40513  3.72494  3.29354  2.67741  2.69355  4.24690  2.90347  2.73739  3.18146  2.89801  2.37887  2.77519  2.98518  4.58477  3.61503
          0.01609  4.53367  5.25602  0.61958  0.77255  0.50114  0.93100
      2   2.79795  5.04800  3.27706  2.70530  4.30214  3.67983  3.63744  3.71057  1.37803  3.10062  2.27751  3.09997  3.84549  2.99998  2.87052  2.68792  3.08925  3.39059  5.52987  4.21517     22 k - - -
          2.68624  4.42231  2.77525  2.73129  3.46360  2.40518  3.72500  3.29310  2.67736  2.69350  4.24695  2.90337  2.73745  3.18152  2.89806  2.37877  2.77519  2.98524  4.58483  3.61509
          0.22830  1.67109  4.13085  0.16463  1.88522  0.52396  0.89690
      3   2.79528  4.69072  3.44445  2.88147  2.80278  3.64880  3.79258  2.87510  2.03951  2.79328  2.93324  2.84351  4.09331  3.18158  2.28870  2.78263  3.02665  2.53266  5.24679  3.97865     25 k - - -
          2.68618  4.42225  2.77519  2.73123  3.46354  2.40513  3.72494  3.29354  2.67741  2.69355  4.24690  2.90347  2.73739  3.18146  2.89801  2.37887  2.77519  2.98518  4.58477  3.61503
          0.01263  4.77418  5.49653  0.61958  0.77255  0.44793  1.01875
      4   2.74594  4.22370  4.57925  3.97692  2.75850  3.96214  4.28478  1.62244  3.73124  2.13033  2.98328  2.81844  4.32771  3.97245  3.72261  3.08231  3.04779  1.89272  4.84296  3.28564     26 i - - -
          2.68618  4.42225  2.77519  2.73123  3.46354  2.40513  3.72494  3.29354  2.67741  2.69355  4.24690  2.90347  2.73739  3.18146  2.89801  2.37887  2.77519  2.98518  4.58477  3.61503
          0.01226  4.80297  5.52532  0.61958  0.77255  0.48576  0.95510
      5   2.76922  4.20708  4.66261  4.05497  1.80528  3.97034  3.70675  2.08610  3.44772  1.96323  3.05431  4.09412  4.33516  4.01740  3.91340  3.02804  2.86185  2.19244  4.35993  3.06870     27 f - - -
          2.68618  4.42225  2.77519  2.73123  3.46354  2.40513  3.72494  3.29354  2.67741  2.69355  4.24690  2.90347  2.73739  3.18146  2.89801  2.37887  2.77519  2.98518  4.58477  3.61503
          0.01226  4.80297  5.52532  0.61958  0.77255  0.48576  0.95510
      6   2.73914  5.29873  3.17982  2.60824  4.26331  2.83853  3.80895  4.08868  1.41618  3.44654  4.35135  3.13713  4.04310  2.73070  1.99507  2.68190  3.11039  3.68844  5.72197  4.35955     28 k - - -
          2.68618  4.42225  2.77519  2.73123  3.46354  2.40513  3.72494  3.29354  2.67741  2.69355  4.24690  2.90347  2.73739  3.18146  2.89801  2.37887  2.77519  2.98518  4.58477  3.61503
          0.01226  4.80297  5.52532  0.61958  0.77255  0.48576  0.95510
      7   3.05080  5.44005  3.12951  2.74502  4.82893  3.38915  3.86540  4.25695  1.27080  3.37167  4.49471  2.99757  4.15568  2.97464  1.61872  3.01900  3.25921  3.85997  5.80384  4.48832     29 k - - -
          2.68618  4.42225  2.77519  2.73123  3.46354  2.40513  3.72494  3.29354  2.67741  2.69355  4.24690  2.90347  2.73739  3.18146  2.89801  2.37887  2.77519  2.98518  4.58477  3.61503
          0.09695  4.80297  2.47468  0.61958  0.77255  0.48576  0.95510
      8   3.05837  5.43792  3.25612  2.72591  4.84428  3.11319  3.86115  4.27086  1.70098  3.72251  4.51207  1.47762  4.14667  2.97430  2.09491  3.02432  3.27059  3.87306  5.80925  4.49789     30 n - - -
          2.68618  4.42225  2.77519  2.73123  3.46354  2.40513  3.72494  3.29354  2.67741  2.69355  4.24690  2.90347  2.73739  3.18146  2.89801  2.37887  2.77519  2.98518  4.58477  3.61503
          0.05767  4.71937  3.05510  0.61958  0.77255  0.54962  0.86078
      9   2.62965  5.13635  3.07880  2.52375  4.42855  3.07712  3.63422  3.67447  2.51735  2.97776  4.19359  2.73575  3.48234  1.59793  2.83041  2.69186  2.71407  3.49873  5.60365  4.22983     31 q - - -
          2.68618  4.42225  2.77519  2.73123  3.46354  2.40513  3.72494  3.29354  2.67741  2.69355  4.24690  2.90347  2.73739  3.18146  2.89801  2.37887  2.77519  2.98518  4.58477  3.61503
          0.01348  4.70899  5.43133  0.61958  0.77255  0.67449  0.71216
     10   3.01433  4.36586  4.92192  4.32744  2.48740  4.23372  4.58680  1.36318  4.14597  1.80688  3.20556  4.37025  4.56760  4.28477  4.18822  3.10190  3.24810  1.76589  5.06169  3.89301     32 i - - -
          2.68618  4.42225  2.77519  2.73123  3.46354  2.40513  3.72494  3.29354  2.67741  2.69355  4.24690  2.90347  2.73739  3.18146  2.89801  2.37887  2.77519  2.98518  4.58477  3.61503
          0.01348  4.70899  5.43133  0.61958  0.77255  0.67449  0.71216
     11   2.46906  4.19636  4.65932  4.05443  3.29441  3.67449  4.30659  1.47002  3.86662  2.07685  3.02661  4.09734  4.33582  4.02116  3.91806  3.28210  2.93145  1.84067  3.50955  3.65464     33 i - - -
          2.68619  4.42226  2.77520  2.73124  3.46355  2.40514  3.72495  3.29355  2.67742  2.69356  4.24620  2.90348  2.73740  3.18147  2.89802  2.37888  2.77520  2.98519  4.58478  3.61504
          0.04729  3.17460  5.43133  0.41833  1.07338  0.38360  1.14383
     12   2.74040  4.29180  4.32417  3.73506  3.39784  3.93581  4.24201  1.35730  3.36462  2.17850  3.29072  3.92966  3.62074  3.82287  3.09604  3.03486  3.05817  2.00404  4.91097  3.72050     35 i - - -
          2.68617  4.42251  2.77536  2.73149  3.46350  2.40513  3.72521  3.29293  2.67752  2.69302  4.24716  2.90354  2.73735  3.18132  2.89787  2.37913  2.77529  2.98504  4.58404  3.61529
          0.20872  1.69067  5.52532  1.35963  0.29673  0.48576  0.95510
     13   2.21135  4.31092  4.63291  4.03799  2.94438  4.06618  4.39656  2.16255  3.87897  1.72089  3.29025  4.14440  4.42344  4.05436  3.97644  3.37055  1.74562  2.17999  4.95947  3.78080     51 l - - -
          2.68618  4.42225  2.77519  2.73123  3.46354  2.40513  3.72494  3.29354  2.67741  2.69355  4.24690  2.90347  2.73739  3.18146  2.89801  2.37887  2.77519  2.98518  4.58477  3.61503
          0.05525  4.80297  3.08903  0.61958  0.77255  0.48576  0.95510
     14   1.86464  4.55968  3.63603  3.07524  3.75124  3.23404  4.03982  2.99650  3.03549  2.56418  3.56929  3.48485  4.13653  3.34434  3.40462  2.04052  2.03343  2.55956  5.18168  3.94015     52 a - - -
          2.68618  4.42225  2.77519  2.73123  3.46354  2.40513  3.72494  3.29354  2.67741  2.69355  4.24690  2.90347  2.73739  3.18146  2.89801  2.37887  2.77519  2.98518  4.58477  3.61503
          0.01280  4.76052  5.48287  0.61958  0.77255  0.43231  1.04698
     15   2.90181  3.73942  5.10040  4.52418  3.19773  4.47825  4.87704  2.54839  4.36415  0.67396  3.36402  4.62110  4.79920  4.48043  4.43017  3.81674  3.53094  2.34059  5.30127  4.16868     53 L - - -
          2.68618  4.42225  2.77519  2.73123  3.46354  2.40513  3.72494  3.29354  2.67741  2.69355  4.24690  2.90347  2.73739  3.18146  2.89801  2.37887  2.77519  2.98518  4.58477  3.61503
          0.01226  4.80297  5.52532  0.61958  0.77255  0.48576  0.95510
     16   1.62777  4.31145  4.23472  3.65184  3.42450  3.25617  4.22112  2.44150  3.54019  2.27514  3.43154  3.87764  4.28467  3.76918  3.73788  2.88225  2.86255  1.72024  4.93116  3.43818     54 a - - -
          2.68618  4.42225  2.77519  2.73123  3.46354  2.40513  3.72494  3.29354  2.67741  2.69355  4.24690  2.90347  2.73739  3.18146  2.89801  2.37887  2.77519  2.98518  4.58477  3.61503
          0.01226  4.80297  5.52532  0.61958  0.77255  0.48576  0.95510
     17   2.53456  4.29651  4.78178  4.18094  3.00277  3.32808  4.44239  2.07397  3.99708  1.47583  3.23072  4.22696  4.45597  4.14950  4.04896  3.41335  3.15262  1.56507  4.95798  3.78184     55 l - - -
          2.68618  4.42225  2.77519  2.73123  3.46354  2.40513  3.72494  3.29354  2.67741  2.69355  4.24690  2.90347  2.73739  3.18146  2.89801  2.37887  2.77519  2.98518  4.58477  3.61503
          0.01226  4.80297  5.52532  0.61958  0.77255  0.48576  0.95510
     18   2.73214  4.38023  4.72701  4.13416  3.43295  3.85027  4.49063  2.40933  3.97122  1.71225  1.33694  4.23779  4.50187  4.14169  4.06357  3.45945  3.03503  2.16013  5.03532  3.86457     56 m - - -
          2.68621  4.42229  2.77523  2.73127  3.46357  2.40501  3.72498  3.29358  2.67744  2.69346  4.24693  2.90350  2.73743  3.18150  2.89804  2.37890  2.77499  2.98522  4.58480  3.61507
          0.07045  2.74664  5.55169  0.62860  0.76215  0.48576  0.95510
     19   3.77004  4.98671  5.79006  5.25500  3.37636  5.24754  5.70550  0.94305  5.14640  1.27839  3.50475  5.40227  5.39368  5.18224  5.18024  4.64257  4.00293  1.85764  5.86966  4.79996     60 i - - -
          2.68618  4.42225  2.77519  2.73123  3.46354  2.40513  3.72494  3.29354  2.67741  2.69355  4.24690  2.90347  2.73739  3.18146  2.89801  2.37887  2.77519  2.98518  4.58477  3.61503
          0.01194  4.82934  5.55169  0.61958  0.77255  0.48576  0.95510
     20   1.51457  4.36495  4.13213  3.55547  3.30445  2.58106  4.21157  2.56714  3.46197  2.28747  3.49062  3.82353  4.27788  3.70926  3.69820  2.94824  2.81994  2.04844  4.98918  3.78858     61 a - - -
          2.68618  4.42225  2.77519  2.73123  3.46354  2.40513  3.72494  3.29354  2.67741  2.69355  4.24690  2.90347  2.73739  3.18146  2.89801  2.37887  2.77519  2.98518  4.58477  3.61503
          0.01194  4.82934  5.55169  0.61958  0.77255  0.48576  0.95510
     21   1.82285  4.33551  4.76193  4.16685  3.34794  3.79790  4.47914  1.93429  3.99641  2.19947  3.02500  4.23998  4.49154  4.16540  4.07204  3.44461  2.98449  1.42192  5.02062  3.83808     62 v - - -
          2.68618  4.42225  2.77519  2.73123  3.46354  2.40513  3.72494  3.29354  2.67741  2.69355  4.24690  2.90347  2.73739  3.18146  2.89801  2.37887  2.77519  2.98518  4.58477  3.61503
          0.01153  4.86424  5.58658  0.61958  0.77255  0.48576  0.95510
     22   1.20737  4.36114  4.23298  3.65277  3.33173  3.61058  4.25531  2.49365  3.54809  2.34711  3.35146  3.89431  4.31729  3.78419  3.76029  2.89212  2.96415  2.18330  4.98844  3.79177     63 a - - -
          2.68618  4.42225  2.77519  2.73123  3.46354  2.40513  3.72494  3.29354  2.67741  2.69355  4.24690  2.90347  2.73739  3.18146  2.89801  2.37887  2.77519  2.98518  4.58477  3.61503
          0.01153  4.86424  5.58658  0.61958  0.77255  0.48576  0.95510
     23   2.63003  4.07090  4.04223  3.46665  3.15665  1.28271  4.18080  2.62742  3.38399  2.50726  3.52027  3.40182  4.26585  3.64437  3.64706  2.96451  3.07219  2.54645  4.46087  3.80284     64 g - - -
          2.68618  4.42225  2.77519  2.73123  3.46354  2.40513  3.72494  3.29354  2.67741  2.69355  4.24690  2.90347  2.73739  3.18146  2.89801  2.37887  2.77519  2.98518  4.58477  3.61503
          0.01153  4.86424  5.58658  0.61958  0.77255  0.48576  0.95510
     24   2.92666  3.77274  4.71263  4.12148  2.75374  4.06596  4.28927  2.75449  3.93848  2.41010  3.43717  4.15661  4.42849  4.08597  3.99619  3.23681  2.93772  2.20120  3.48589  1.19652     65 y - - -
          2.68618  4.42225  2.77519  2.73123  3.46354  2.40513  3.72494  3.29354  2.67741  2.69355  4.24690  2.90347  2.73739  3.18146  2.89801  2.37887  2.77519  2.98518  4.58477  3.61503
          0.01153  4.86424  5.58658  0.61958  0.77255  0.48576  0.95510
     25   2.70338  4.24499  4.71928  4.11075  2.83156  4.01476  4.34267  2.23476  3.91747  1.23151  3.05140  4.14375  4.37751  3.45986  3.72673  3.32198  2.87749  2.11971  4.13828  3.68711     66 l - - -
          2.68618  4.42225  2.77519  2.73123  3.46354  2.40513  3.72494  3.29354  2.67741  2.69355  4.24690  2.90347  2.73739  3.18146  2.89801  2.37887  2.77519  2.98518  4.58477  3.61503
          0.13513  4.86424  2.13131  0.61958  0.77255  0.48576  0.95510
     26   2.73261  5.02531  3.17817  2.64223  4.29446  3.61711  3.84079  3.71128  2.61723  3.06208  3.74991  1.34300  4.02215  2.52835  3.06679  2.61536  3.04782  3.19492  5.54085  4.20367     67 n - - -
          2.68618  4.42225  2.77519  2.73123  3.46354  2.40513  3.72494  3.29354  2.67741  2.69355  4.24690  2.90347  2.73739  3.18146  2.89801  2.37887  2.77519  2.98518  4.58477  3.61503
          0.02557  4.74215  4.10298  0.61958  0.77255  0.35655  1.20426
     27   2.81287  4.38622  4.30913  3.73252  2.23830  2.91293  4.20814  2.84130  3.61580  2.43254  3.50248  3.66115  4.35664  3.53868  3.80517  3.27399  2.98409  2.64684  3.84444  1.42468     68 y - - -
          2.68618  4.42225  2.77519  2.73123  3.46354  2.40513  3.72494  3.29354  2.67741  2.69355  4.24690  2.90347  2.73739  3.18146  2.89801  2.37887  2.77519  2.98518  4.58477  3.61503
          0.01166  4.85330  5.57565  0.61958  0.77255  0.46959  0.98152
     28   2.14772  5.00888  3.13206  2.67827  3.98210  2.96111  3.86557  3.54566  2.56942  3.04471  3.67402  2.95771  4.05002  2.53151  3.13263  1.93061  2.66498  2.92488  5.51497  3.51897     69 s - - -
          2.68618  4.42225  2.77519  2.73123  3.46354  2.40513  3.72494  3.29354  2.67741  2.69355  4.24690  2.90347  2.73739  3.18146  2.89801  2.37887  2.77519  2.98518  4.58477  3.61503
          0.01153  4.86424  5.58658  0.61958  0.77255  0.48576  0.95510
     29   2.75962  5.04592  2.52255  2.61511  3.54596  2.31715  3.85418  3.55991  2.47338  2.59784  3.88109  2.83587  3.81692  2.75838  3.11556  2.70291  2.92695  3.09594  5.54449  2.77545     70 g - - -
          2.68618  4.42225  2.77519  2.73123  3.46354  2.40513  3.72494  3.29354  2.67741  2.69355  4.24690  2.90347  2.73739  3.18146  2.89801  2.37887  2.77519  2.98518  4.58477  3.61503
          0.01153  4.86424  5.58658  0.61958  0.77255  0.48576  0.95510
     30   2.53462  5.31847  2.73471  2.52065  4.65750  2.91103  3.78614  4.13911  2.08416  3.62120  4.36098  2.23114  3.99167  2.55390  2.73504  2.26342  2.66797  3.07918  5.75493  4.34774     71 k - - -
          2.68618  4.42225  2.77519  2.73123  3.46354  2.40513  3.72494  3.29354  2.67741  2.69355  4.24690  2.90347  2.73739  3.18146  2.89801  2.37887  2.77519  2.98518  4.58477  3.61503
          0.01153  4.86424  5.58658  0.61958  0.77255  0.48576  0.95510
     31   2.82154  5.32020  2.47753  2.39758  4.66025  3.14568  3.32659  3.82084  1.87854  2.92636  4.36219  2.62193  3.49450  2.44291  2.88461  2.56667  3.05269  3.28527  5.75589  3.87297     72 k - - -
          2.68619  4.42226  2.77520  2.73124  3.46355  2.40514  3.72495  3.29355  2.67742  2.69356  4.24691  2.90348  2.73740  3.18147  2.89802  2.37877  2.77520  2.98519  4.58478  3.61504
          0.23838  3.32985  1.73558  0.41833  1.07338  0.48576  0.95510
     32   2.55233  5.19536  2.72059  2.17354  3.71885  3.21848  3.72830  3.85355  2.31632  2.71402  3.76529  2.70188  3.63659  2.51901  2.84735  2.29576  2.79992  3.57101  5.64501  4.25143     74 e - - -
          2.68618  4.42225  2.77519  2.73123  3.46354  2.40513  3.72494  3.29354  2.67741  2.69355  4.24690  2.90347  2.73739  3.18146  2.89801  2.37887  2.77519  2.98518  4.58477  3.61503
          0.01395  4.67483  5.39718  0.61958  0.77255  0.75557  0.63440
     33   2.46840  5.11949  2.74586  2.42133  3.91526  2.48300  3.65888  3.65579  2.24945  2.95927  4.17615  2.86675  3.81647  2.87668  2.92771  2.18204  2.94502  2.88287  5.58907  4.21664     75 s - - -
          2.68618  4.42225  2.77519  2.73123  3.46354  2.40513  3.72494  3.29354  2.67741  2.69355  4.24690  2.90347  2.73739  3.18146  2.89801  2.37887  2.77519  2.98518  4.58477  3.61503
          0.06302  4.70102  2.95680  0.61958  0.77255  0.44297  1.02758
     34   2.44751  4.89581  2.76322  2.46176  2.70488  3.16565  3.85772  2.95871  2.41268  2.68838  3.66437  2.95335  3.84276  2.87520  3.13830  2.59959  2.91286  2.66704  5.41716  4.10415     76 k - - -
          2.68620  4.42227  2.77521  2.73115  3.46356  2.40508  3.72496  3.29356  2.67743  2.69357  4.24692  2.90349  2.73741  3.18148  2.89803  2.37889  2.77521  2.98504  4.58479  3.61505
          0.08697  2.94615  3.48188  0.50293  0.92826  0.67245  0.71428
     35   2.55441  5.22895  2.39588  2.29871  3.82386  2.90564  3.75301  3.72701  2.26552  2.78346  4.27623  2.70855  3.49495  2.75578  2.74532  2.40318  2.89710  3.60614  4.55687  4.28141     79 k - - -
          2.68618  4.42225  2.77519  2.73123  3.46354  2.40513  3.72494  3.29354  2.67741  2.69355  4.24690  2.90347  2.73739  3.18146  2.89801  2.37887  2.77519  2.98518  4.58477  3.61503
          0.01293  4.75016  5.47251  0.61958  0.77255  0.55163  0.85804
     36   2.33830  5.29389  2.68656  2.34555  4.63288  2.64227  3.76143  4.11457  2.08435  3.24197  4.33617  2.76246  3.83005  2.57330  2.64382  2.39250  2.88995  3.34057  5.73021  3.92988     80 k - - -
          2.68618  4.42225  2.77519  2.73123  3.46354  2.40513  3.72494  3.29354  2.67741  2.69355  4.24690  2.90347  2.73739  3.18146  2.89801  2.37887  2.77519  2.98518  4.58477  3.61503
          0.01888  4.80061  4.55799  0.61958  0.77255  0.62705  0.76393
     37   2.34756  5.17169  2.80104  2.54624  3.79984  2.77678  3.78617  3.91528  2.15996  3.15627  4.22657  2.63219  3.98469  2.80294  2.85445  2.66270  2.25272  2.83774  5.63704  4.26004     81 k - - -
          2.68619  4.42226  2.77520  2.73124  3.46355  2.40508  3.72495  3.29355  2.67742  2.69356  4.24691  2.90348  2.73740  3.18147  2.89802  2.37882  2.77520  2.98519  4.58478  3.61504
          0.13414  3.71421  2.29105  0.63912  0.75026  0.56790  0.83636
     38   2.36441  5.25543  2.66692  2.24836  4.59128  3.32408  3.53493  4.07082  2.13656  3.25185  4.29853  2.66897  3.67686  2.44935  2.96161  2.34197  2.72805  3.08345  5.69365  3.92949     84 k - - -
          2.68634  4.42317  2.77537  2.73005  3.46392  2.40544  3.72564  3.29363  2.67790  2.69340  4.24598  2.90318  2.73716  3.18133  2.89831  2.37847  2.77555  2.98541  4.58514  3.61468
          0.54860  0.89374  4.33375  1.91646  0.15914  0.75712  0.63302
     39   2.14587  5.16280  3.01090  2.32447  4.15206  2.77351  3.75221  3.91917  2.31390  3.33310  4.21622  2.60315  3.05906  2.86536  2.99144  2.37173  2.64633  3.01503  5.62394  4.24178     99 a - - -
          2.68618  4.42225  2.77519  2.73123  3.46354  2.40513  3.72494  3.29354  2.67741  2.69355  4.24690  2.90347  2.73739  3.18146  2.89801  2.37887  2.77519  2.98518  4.58477  3.61503
          0.25272  4.71218  1.54024  0.61958  0.77255  0.59293  0.80454
     40   2.18022  5.11324  2.55139  2.25160  4.41476  3.17751  3.69764  3.87110  2.15508  2.91672  3.66972  2.99165  3.89760  2.76962  2.93633  2.36146  2.68784  3.48028  5.57295  3.92607    100 k - - -
          2.68553  4.42367  2.77358  2.72957  3.46348  2.40592  3.72636  3.29405  2.67808  2.69390  4.24832  2.90362  2.73857  3.18145  2.89927  2.37788  2.77412  2.98530  4.58619  3.61527
          1.19919  0.36610  5.27346  2.00387  0.14481  0.38720  1.13618
     41   2.60995  5.28882  2.40133  2.08906  4.62533  3.13054  3.76339  3.03121  2.26438  3.44305  4.33176  2.97278  3.02810  2.56770  2.84470  2.29164  3.02976  3.42209  5.72663  4.32085    137 e - - -
          2.68588  4.42236  2.77530  2.73134  3.46364  2.40508  3.72505  3.29342  2.67751  2.69365  4.24700  2.90357  2.73711  3.18157  2.89811  2.37879  2.77530  2.98529  4.58487  3.61456
          0.30320  1.84037  2.27510  0.71615  0.67066  0.59472  0.80234
     42   2.64855  5.10521  2.86384  2.11958  4.18640  3.14464  3.59891  3.62339  2.44800  2.59254  3.85844  2.64396  3.70480  2.77765  2.92241  2.44039  2.89301  2.54479  5.57841  4.20996    141 e - - -
          2.68618  4.42225  2.77519  2.73123  3.46354  2.40513  3.72494  3.29354  2.67741  2.69355  4.24690  2.90347  2.73739  3.18146  2.89801  2.37887  2.77519  2.98518  4.58477  3.61503
          0.34409  4.70675  1.26549  0.61958  0.77255  0.66370  0.72349
     43   2.27047  4.81342  2.96187  2.22564  3.67550  2.94595  3.73119  3.44123  2.50664  2.76974  3.88962  2.96062  3.91127  2.89652  3.00623  2.65029  2.67439  3.06230  5.32874  2.77034    142 e - - -
          2.68633  4.42241  2.77521  2.73019  3.46369  2.40524  3.72510  3.29345  2.67750  2.69355  4.24665  2.90322  2.73755  3.18162  2.89816  2.37901  2.77531  2.98512  4.58492  3.61519
          0.78244  0.62183  5.15786  0.29153  1.37483  0.41535  1.07913
     44   2.11543  5.28303  2.44120  2.10143  4.62331  3.32693  3.74631  3.94437  2.23628  3.41486  4.32505  2.64167  3.75068  2.50232  2.97533  2.48632  2.74702  3.45380  5.71856  4.31034    146 e - - -
          2.68516  4.42296  2.77527  2.73131  3.46425  2.40536  3.72566  3.29425  2.67790  2.69254  4.24552  2.90411  2.73731  3.18125  2.89872  2.37924  2.77508  2.98462  4.58512  3.61332
          1.40665  0.33213  3.27968  1.10998  0.39983  0.68396  0.70242
     45   2.68988  5.03827  1.75981  2.34615  3.91959  3.29461  3.79189  3.14973  2.54675  2.86401  3.97220  3.02534  3.76059  2.76544  3.04732  2.79145  2.79158  2.86385  5.52804  4.17796    157 d - - -
          2.68618  4.42225  2.77519  2.73123  3.46354  2.40513  3.72494  3.29354  2.67741  2.69355  4.24690  2.90347  2.73739  3.18146  2.89801  2.37887  2.77519  2.98518  4.58477  3.61503
          0.33834  4.73102  1.27932  0.61958  0.77255  0.75354  0.63620
     46   2.74837  4.25803  4.05717  3.48081  3.35416  3.83972  4.13798  1.52471  3.37146  2.07266  3.09085  2.79601  4.20391  3.42790  3.60398  3.12160  2.98168  2.15973  4.89814  3.69954    158 i - - -
          2.68618  4.42225  2.77519  2.73123  3.46354  2.40513  3.72494  3.29354  2.67741  2.69355  4.24690  2.90347  2.73739  3.18146  2.89801  2.37887  2.77519  2.98518  4.58477  3.61503
          0.03036  4.41089  4.03078  0.61958  0.77255  1.12621  0.39194
     47   2.53436  4.96096  2.96112  2.38691  4.29689  3.13671  3.74436  3.73106  2.49212  3.30582  4.10476  2.87790  3.89674  2.77223  3.00597  1.66011  2.33560  3.36757  5.51927  4.16513    159 s - - -
          2.68618  4.42225  2.77519  2.73123  3.46354  2.40513  3.72494  3.29354  2.67741  2.69355  4.24690  2.90347  2.73739  3.18146  2.89801  2.37887  2.77519  2.98518  4.58477  3.61503
          0.01843  4.39896  5.12130  0.61958  0.77255  0.71636  0.67046
     48   2.94378  5.66537  1.24085  1.80666  4.97383  3.01644  3.93761  4.48974  2.84108  3.95684  4.74593  2.65314  4.06772  2.61010  3.40147  2.97867  3.15172  4.04181  6.09686  4.61574    160 d - - -
          2.68622  4.42239  2.77516  2.73014  3.46368  2.40523  3.72508  3.29368  2.67749  2.69369  4.24703  2.90360  2.73753  3.18149  2.89814  2.37879  2.77533  2.98514  4.58491  3.61517
          0.77111  0.66249  3.81960  0.08313  2.52861  0.87690  0.53797
     49   2.73231  5.16690  1.94674  2.37352  4.48136  3.51454  3.70728  3.53390  2.09638  3.11002  4.21620  2.80864  3.90904  2.69888  2.94200  2.59598  2.43245  3.34533  5.61809  4.22629    162 d - - -
          2.68618  4.42225  2.77519  2.73123  3.46354  2.40513  3.72494  3.29354  2.67741  2.69355  4.24690  2.90347  2.73739  3.18146  2.89801  2.37887  2.77519  2.98518  4.58477  3.61503
          0.01510  4.59642  5.31877  0.61958  0.77255  0.27941  1.41152
     50   2.20195  5.01761  3.02395  2.40835  4.25331  3.40458  3.86285  2.84205  2.66562  3.04236  3.36172  2.63500  4.04804  2.84633  2.90175  2.30207  2.71004  2.55613  5.52194  4.18866    163 a - - -
          2.67993  4.42696  2.77090  2.72676  3.46785  2.40614  3.72878  3.29475  2.67844  2.69526  4.24716  2.90292  2.74061  3.18081  2.90266  2.37803  2.77389  2.98460  4.58948  3.61910
          1.36243  0.32491  3.84577  2.85603  0.05922  0.48576  0.95510
     51   2.18049  5.31748  2.68501  2.18294  4.65898  3.01427  3.77758  4.14248  2.28235  3.39435  4.35913  2.60836  3.78554  2.66724  2.82031  2.13023  2.76789  3.43240  5.75229  4.34343    263 s - - -
          2.68618  4.42225  2.77519  2.73123  3.46354  2.40513  3.72494  3.29354  2.67741  2.69355  4.24690  2.90347  2.73739  3.18146  2.89801  2.37887  2.77519  2.98518  4.58477  3.61503
          0.41720  4.84646  1.09885  0.61958  0.77255  0.52823  0.89074
     52   2.38550  5.03136  2.72755  2.29698  4.00657  2.55209  3.67789  3.53036  2.34243  3.31075  4.08944  2.90010  3.87423  2.73024  2.92291  2.29355  2.59710  3.09700  5.50315  4.13235    264 s - - -
          2.68618  4.42225  2.77519  2.73123  3.46354  2.40513  3.72494  3.29354  2.67741  2.69355  4.24690  2.90347  2.73739  3.18146  2.89801  2.37887  2.77519  2.98518  4.58477  3.61503
          0.02882  4.44682  4.09274  0.61958  0.77255  0.98683  0.46642
     53   2.59584  5.15453  2.45588  2.24598  4.47883  2.78508  3.66405  3.95064  2.26605  3.20288  3.36002  2.59134  3.86715  2.53872  2.89755  2.46758  2.68278  3.53402  5.59971  4.20118    265 e - - -
          2.68618  4.42225  2.77519  2.73123  3.46354  2.40513  3.72494  3.29354  2.67741  2.69355  4.24690  2.90347  2.73739  3.18146  2.89801  2.37887  2.77519  2.98518  4.58477  3.61503
          0.05122  4.47888  3.25485  0.61958  0.77255  0.75406  0.63574
     54   2.19735  5.10226  2.72309  2.11101  4.39591  2.77290  3.71519  3.84685  2.44987  2.96063  4.15865  3.00867  3.91220  2.64936  2.95928  2.27671  2.95808  2.87509  5.56859  4.19085    266 e - - -
          2.68617  4.42272  2.77480  2.73114  3.46374  2.40530  3.72541  3.29338  2.67766  2.69371  4.24679  2.90331  2.73774  3.18193  2.89833  2.37870  2.77438  2.98456  4.58524  3.61550
          1.22377  0.50853  2.25855  1.04989  0.43075  0.86616  0.54570
     55   2.54885  5.17061  2.64422  2.09480  4.49856  3.05531  3.67013  3.97271  2.28503  3.20498  4.21594  2.65708  3.56006  2.61090  2.78292  2.59362  2.43357  3.04626  5.61363  4.21308    283 e - - -
          2.68618  4.42225  2.77519  2.73123  3.46354  2.40513  3.72494  3.29354  2.67741  2.69355  4.24690  2.90347  2.73739  3.18146  2.89801  2.37887  2.77519  2.98518  4.58477  3.61503
          0.04501  4.50918  3.41106  0.61958  0.77255  0.84172  0.56382
     56   2.19876  5.14840  2.70176  2.15373  4.02674  3.50120  3.69252  3.92661  2.29027  3.44027  3.81305  2.41180  3.89437  2.72682  2.92804  2.25832  2.83108  3.19043  5.60039  4.20907    284 e - - -
          2.68618  4.42225  2.77519  2.73123  3.46354  2.40513  3.72494  3.29354  2.67741  2.69355  4.24690  2.90347  2.73739  3.18146  2.89801  2.37887  2.77519  2.98518  4.58477  3.61503
          0.11369  4.55729  2.33326  0.61958  0.77255  0.85697  0.55242
     57   2.56613  5.19877  2.63503  2.13200  4.53332  3.36157  3.67379  4.01288  2.22224  3.49974  4.24330  2.34477  3.08321  2.70854  2.90883  2.24681  2.78843  3.28857  5.63775  4.23142    285 e - - -
          2.68619  4.42226  2.77514  2.73118  3.46355  2.40514  3.72495  3.29355  2.67737  2.69356  4.24691  2.90348  2.73741  3.18147  2.89802  2.37888  2.77520  2.98519  4.58478  3.61504
          0.08627  3.21809  3.15538  0.56145  0.84486  1.03487  0.43893
     58   2.39940  5.17478  2.60921  2.10237  4.50788  3.18317  3.65808  3.98567  2.17792  3.47496  3.96606  2.77890  3.86238  2.37872  2.88937  2.33024  2.73437  3.33284  5.61465  4.21062    288 e - - -
          2.68621  4.42228  2.77522  2.73126  3.46357  2.40516  3.72497  3.29357  2.67744  2.69347  4.24693  2.90350  2.73743  3.18149  2.89804  2.37890  2.77522  2.98474  4.58480  3.61506
          0.15598  1.97413  5.19587  0.25135  1.50394  0.64739  0.74109
     59   2.21424  5.13212  2.53805  2.08331  4.42880  3.24050  3.73310  3.14095  2.34072  3.05378  3.91025  2.94412  3.93231  2.60366  2.97325  2.67460  2.65693  3.10903  5.59492  4.21520    290 e - - -
          2.68621  4.42228  2.77497  2.73115  3.46357  2.40516  3.72497  3.29357  2.67744  2.69358  4.24693  2.90335  2.73743  3.18149  2.89804  2.37890  2.77522  2.98521  4.58480  3.61506
          0.12880  2.15234  5.37408  0.25135  1.50394  0.76220  0.62856
     60   2.24445  4.87755  2.64321  2.40368  3.55000  3.60950  3.81936  2.88767  2.45109  2.70145  3.95488  3.16327  3.99804  2.88150  3.09722  2.47653  2.42251  2.76569  5.39613  4.07971    292 a - - -
          2.68618  4.42225  2.77519  2.73123  3.46354  2.40513  3.72494  3.29354  2.67741  2.69355  4.24690  2.90347  2.73739  3.18146  2.89801  2.37887  2.77519  2.98518  4.58477  3.61503
          0.02599  4.68695  4.10780  0.61958  0.77255  0.82220  0.57886
     61   2.17509  5.22990  2.47938  2.17500  4.55979  2.81670  3.72358  4.03531  2.34314  3.26328  4.27502  2.79363  3.68002  2.76202  2.95584  2.30364  2.71450  3.26553  5.67202  4.27008    293 e - - -
          2.68618  4.42225  2.77519  2.73123  3.46354  2.40513  3.72494  3.29354  2.67741  2.69355  4.24690  2.90347  2.73739  3.18146  2.89801  2.37887  2.77519  2.98518  4.58477  3.61503
          0.20132  4.67491  1.75431  0.61958  0.77255  0.83968  0.56537
     62   2.52217  5.19493  2.44781  2.25478  4.53072  3.22893  3.66650  4.01096  2.00919  3.49627  4.23905  2.77496  3.86989  2.42438  2.90004  2.29071  2.67557  3.35545  5.63294  4.22615    294 k - - -
          2.68618  4.42225  2.77519  2.73123  3.46354  2.40513  3.72494  3.29354  2.67741  2.69355  4.24690  2.90347  2.73739  3.18146  2.89801  2.37887  2.77519  2.98518  4.58477  3.61503
          0.04133  4.49039  3.53114  0.61958  0.77255  0.93421  0.49905
     63   2.59279  5.19303  2.44774  1.95685  4.52805  3.32789  3.66978  4.00732  2.19216  3.49399  3.73541  2.83807  3.87417  2.43833  2.90107  2.32132  2.74698  3.39469  5.63158  4.22613    295 e - - -
          2.68618  4.42225  2.77519  2.73123  3.46354  2.40513  3.72494  3.29354  2.67741  2.69355  4.24690  2.90347  2.73739  3.18146  2.89801  2.37887  2.77519  2.98518  4.58477  3.61503
          0.01642  4.51315  5.23550  0.61958  0.77255  0.59910  0.79696
     64   2.66929  5.22910  2.48649  2.01649  4.29862  2.82063  3.72891  3.93746  2.41985  3.52708  4.27453  2.88912  3.48562  2.58755  2.96122  2.56662  2.29411  2.95965  5.67229  4.27171    296 e - - -
          2.68618  4.42225  2.77519  2.73123  3.46354  2.40513  3.72494  3.29354  2.67741  2.69355  4.24690  2.90347  2.73739  3.18146  2.89801  2.37887  2.77519  2.98518  4.58477  3.61503
          0.06741  4.68963  2.88236  0.61958  0.77255  0.81825  0.58197
     65   2.52809  5.11532  2.82350  2.17872  4.40789  3.16813  3.73087  3.04274  2.24611  3.12011  4.17029  2.94308  3.92935  2.84752  2.76422  2.33519  2.31660  3.15180  5.58085  4.20409    297 e - - -
          2.68618  4.42225  2.77519  2.73123  3.46354  2.40513  3.72494  3.29354  2.67741  2.69355  4.24690  2.90347  2.73739  3.18146  2.89801  2.37887  2.77519  2.98518  4.58477  3.61503
          0.01450  4.63671  5.35906  0.61958  0.77255  0.58878  0.80969
     66   2.35274  5.27588  2.33427  2.00814  4.61400  2.78011  3.74391  4.09544  2.12283  3.35135  4.31876  2.92188  3.94867  2.74392  2.97477  2.52710  2.64968  3.42637  5.71269  4.30531    298 e - - -
          2.68618  4.42225  2.77519  2.73123  3.46354  2.40513  3.72494  3.29354  2.67741  2.69355  4.24690  2.90347  2.73739  3.18146  2.89801  2.37887  2.77519  2.98518  4.58477  3.61503
          0.01932  4.74205  4.56445  0.61958  0.77255  0.41801  1.07399
     67   2.71203  5.28280  2.61285  2.09272  4.61094  3.11660  3.78184  3.66139  2.47651  3.39486  4.32817  2.23325  3.98568  2.81495  3.01404  2.36667  2.16571  3.25376  5.72584  4.32510    299 e - - -
          2.68618  4.42225  2.77519  2.73123  3.46354  2.40513  3.72494  3.29354  2.67741  2.69355  4.24690  2.90347  2.73739  3.18146  2.89801  2.37887  2.77519  2.98518  4.58477  3.61503
          0.29047  4.83661  1.40994  0.61958  0.77255  0.55068  0.85933
     68   2.56968  4.74912  2.94373  2.57059  3.96634  3.58401  3.83641  2.52812  2.70023  3.00889  3.85767  3.18693  1.81437  3.03500  3.13711  2.66526  2.83809  2.93693  5.30934  4.01368    300 p - - -
          2.68618  4.42225  2.77519  2.73123  3.46354  2.40513  3.72494  3.29354  2.67741  2.69355  4.24690  2.90347  2.73739  3.18146  2.89801  2.37887  2.77519  2.98518  4.58477  3.61503
          0.01564  4.56178  5.28412  0.61958  0.77255  0.29882  1.35362
     69   2.46943  5.26923  2.73096  2.34729  4.59047  1.72714  3.79013  4.05987  2.35092  3.56438  4.08155  2.99391  3.39433  2.89487  2.89188  2.43631  2.98015  3.64708  4.69788  4.32061    301 g - - -
          2.68596  4.42234  2.77524  2.73104  3.46363  2.40518  3.72504  3.29329  2.67750  2.69357  4.24699  2.90340  2.73733  3.18148  2.89810  2.37894  2.77526  2.98519  4.58486  3.61512
          0.33013  1.28243  5.57041  0.11321  2.23455  0.52451  0.89612
     70   2.56043  5.30124  2.57552  1.61200  4.63493  3.49238  3.78343  3.53518  2.14081  3.12137  4.34510  2.93515  3.60901  2.88367  3.01424  2.53293  2.66687  3.68579  5.74079  4.33654    304 e - - -
          2.68618  4.42225  2.77519  2.73123  3.46354  2.40513  3.72494  3.29354  2.67741  2.69355  4.24690  2.90347  2.73739  3.18146  2.89801  2.37887  2.77519  2.98518  4.58477  3.61503
          0.01172  4.84806  5.57041  0.61958  0.77255  0.50285  0.92837
     71   1.56965  5.29637  2.56328  2.27126  4.62495  3.36430  3.79290  4.09969  2.46545  3.59488  4.34250  3.07373  3.52835  2.51174  2.94059  2.76039  2.56403  3.45464  5.73954  4.33804    305 a - - -
          2.68618  4.42225  2.77519  2.73123  3.46354  2.40513  3.72494  3.29354  2.67741  2.69355  4.24690  2.90347  2.73739  3.18146  2.89801  2.37887  2.77519  2.98518  4.58477  3.61503
          0.01166  4.85361  5.57595  0.61958  0.77255  0.51147  0.91533
     72   2.67034  4.74423  3.45152  2.69802  3.91614  3.30814  3.96279  3.12118  2.80480  2.55140  3.83644  2.77219  4.11936  2.55916  3.28084  2.95867  2.74178  1.55871  5.29794  4.02535    306 v - - -
          2.68618  4.42225  2.77519  2.73123  3.46354  2.40513  3.72494  3.29354  2.67741  2.69355  4.24690  2.90347  2.73739  3.18146  2.89801  2.37887  2.77519  2.98518  4.58477  3.61503
          0.03257  4.85361  3.71969  0.61958  0.77255  0.51147  0.91533
     73   2.58079  4.41808  3.94002  3.23419  2.91830  3.85913  4.13452  2.88892  3.29403  1.53294  3.40348  2.96609  3.61052  3.17011  3.58148  2.68710  2.80838  2.24857  5.01581  3.46002    307 l - - -
          2.68618  4.42225  2.77519  2.73123  3.46354  2.40513  3.72494  3.29354  2.67741  2.69355  4.24690  2.90347  2.73739  3.18146  2.89801  2.37887  2.77519  2.98518  4.58477  3.61503
          0.01190  4.83294  5.55529  0.61958  0.77255  0.44261  1.02822
     74   2.38719  4.95783  3.27247  2.54445  4.17946  3.19461  3.88390  3.29753  2.70446  3.04833  3.77053  2.99249  4.06282  2.89454  3.15903  2.21258  1.64357  3.08509  5.47581  4.15653    308 t - - -
          2.68618  4.42225  2.77519  2.73123  3.46354  2.40513  3.72494  3.29354  2.67741  2.69355  4.24690  2.90347  2.73739  3.18146  2.89801  2.37887  2.77519  2.98518  4.58477  3.61503
          0.31810  4.86424  1.32897  0.61958  0.77255  0.48576  0.95510
     75   2.65405  5.16575  2.94489  2.34813  4.49524  2.39028  3.74388  3.95645  2.38775  3.47940  4.24785  2.42009  3.92719  2.80042  2.99645  1.85192  2.64883  3.55590  5.64777  4.25860    309 s - - -
          2.68618  4.42225  2.77519  2.73123  3.46354  2.40513  3.72494  3.29354  2.67741  2.69355  4.24690  2.90347  2.73739  3.18146  2.89801  2.37887  2.77519  2.98518  4.58477  3.61503
          0.08591  4.56178  2.63280  0.61958  0.77255  0.26691  1.45134
     76   2.03791  5.22944  2.82859  2.37405  4.54071  2.35685  3.38645  4.00345  2.43221  3.44755  4.27928  3.07262  3.98351  2.85239  2.90370  2.15367  2.59186  3.45981  4.86873  4.29345    310 a - - -
          2.68618  4.42237  2.77532  2.73107  3.46334  2.40519  3.72507  3.29358  2.67694  2.69367  4.24678  2.90337  2.73752  3.18159  2.89813  2.37886  2.77532  2.98509  4.58489  3.61515
          0.78316  1.11411  1.53789  0.20782  1.67320  0.60046  0.79531
     77   2.50142  5.18671  2.78495  2.24448  4.51223  3.15854  3.69327  3.76179  2.30508  3.13225  4.23285  2.40868  3.89666  2.50535  2.92610  2.34338  2.32891  3.56687  5.63128  4.23216    313 e - - -
          2.68618  4.42225  2.77519  2.73123  3.46354  2.40513  3.72494  3.29354  2.67741  2.69355  4.24690  2.90347  2.73739  3.18146  2.89801  2.37887  2.77519  2.98518  4.58477  3.61503
          0.15396  4.57676  2.02191  0.61958  0.77255  0.51066  0.91654
     78   2.35062  4.94805  3.13950  2.40600  4.18764  3.46289  3.77568  3.32766  2.14772  3.20701  2.71657  2.70127  3.96218  2.84680  2.94221  2.61856  2.43130  2.90581  5.44956  3.97866    314 k - - -
          2.68618  4.42225  2.77520  2.73123  3.46354  2.40513  3.72495  3.29354  2.67735  2.69355  4.24690  2.90347  2.73740  3.18147  2.89801  2.37887  2.77520  2.98519  4.58477  3.61503
          0.02923  3.72507  5.36140  0.51693  0.90720  0.75304  0.63664
     79   2.47998  5.21201  2.71834  2.11319  4.53460  3.16919  3.72854  3.77370  2.13579  2.86610  4.25868  2.82253  3.93192  2.76805  2.79334  2.28975  2.72289  3.04992  5.65838  4.26143    316 e - - -
          2.68618  4.42225  2.77519  2.73123  3.46354  2.40513  3.72494  3.29354  2.67741  2.69355  4.24690  2.90347  2.73739  3.18146  2.89801  2.37887  2.77519  2.98518  4.58477  3.61503
          0.02072  4.68357  4.48623  0.61958  0.77255  0.54727  0.86399
     80   2.12070  4.99414  2.95453  2.53970  3.72692  2.50375  3.82281  3.52292  2.40144  3.25342  3.84854  2.96255  4.00889  2.97183  3.08654  2.26204  2.80732  2.48181  5.49621  4.15991    317 a - - -
          2.68618  4.42225  2.77519  2.73123  3.46354  2.40513  3.72494  3.29354  2.67741  2.69355  4.24690  2.90347  2.73739  3.18146  2.89801  2.37887  2.77519  2.98518  4.58477  3.61503
          0.01268  4.76968  5.49202  0.61958  0.77255  0.38869  1.13303
     81   2.56249  5.28721  2.69929  2.40440  4.61399  3.45342  3.79091  3.84880  2.35564  3.45960  4.33286  2.66325  3.79210  2.67652  3.02290  1.79124  2.31277  3.13361  5.73110  4.33141    318 s - - -
          2.68618  4.42225  2.77519  2.73123  3.46354  2.40513  3.72494  3.29354  2.67741  2.69355  4.24690  2.90347  2.73739  3.18146  2.89801  2.37887  2.77519  2.98518  4.58477  3.61503
          0.01157  4.86065  5.58300  0.61958  0.77255  0.49454  0.94122
     82   2.26143  5.36404  2.24194  2.09689  4.70360  2.59407  3.81197  4.18914  2.52831  3.66756  4.40906  2.52333  4.01121  2.76898  3.05780  2.25624  2.63419  3.75231  5.79958  4.38583    319 e - - -
          2.68618  4.42225  2.77519  2.73123  3.46354  2.40513  3.72494  3.29354  2.67741  2.69355  4.24690  2.90347  2.73739  3.18146  2.89801  2.37887  2.77519  2.98518  4.58477  3.61503
          0.01157  4.86065  5.58300  0.61958  0.77255  0.48031  0.96388
     83   2.80236  4.28878  4.52297  3.92918  1.70024  3.99249  4.28765  2.57129  3.77393  2.29295  3.40512  3.59063  4.35914  3.95800  3.88552  3.10925  2.80706  2.36602  4.86450  1.83196    320 f - - -
          2.68618  4.42225  2.77519  2.73123  3.46354  2.40513  3.72494  3.29354  2.67741  2.69355  4.24690  2.90347  2.73739  3.18146  2.89801  2.37887  2.77519  2.98518  4.58477  3.61503
          0.01153  4.86424  5.58658  0.61958  0.77255  0.48576  0.95510
     84   2.36223  4.46834  5.01900  4.42556  1.40396  4.33906  4.69190  1.87989  4.24667  2.19726  3.14263  4.47361  4.66922  4.38310  4.29056  3.66047  3.35152  1.86526  5.16165  3.99551    321 f - - -
          2.68618  4.42225  2.77519  2.73123  3.46354  2.40513  3.72494  3.29354  2.67741  2.69355  4.24690  2.90347  2.73739  3.18146  2.89801  2.37887  2.77519  2.98518  4.58477  3.61503
          0.01153  4.86424  5.58658  0.61958  0.77255  0.48576  0.95510
     85   1.37128  4.43164  4.03573  3.33633  3.57236  3.88891  4.20683  2.25688  3.38731  2.51838  3.56219  3.67507  4.27907  3.65378  3.66009  2.46093  2.92514  2.18224  5.06103  3.85267    322 a - - -
          2.68618  4.42225  2.77519  2.73123  3.46354  2.40513  3.72494  3.29354  2.67741  2.69355  4.24690  2.90347  2.73739  3.18146  2.89801  2.37887  2.77519  2.98518  4.58477  3.61503
          0.01153  4.86424  5.58658  0.61958  0.77255  0.48576  0.95510
     86   2.80149  5.41985  2.57615  1.49440  4.75881  3.20474  3.84297  4.24884  2.53217  3.72266  4.46629  2.64473  4.03595  2.04030  3.10685  2.51554  2.93384  3.80801  5.85244  4.43122    323 e - - -
          2.68618  4.42225  2.77519  2.73123  3.46354  2.40513  3.72494  3.29354  2.67741  2.69355  4.24690  2.90347  2.73739  3.18146  2.89801  2.37887  2.77519  2.98518  4.58477  3.61503
          0.01153  4.86424  5.58658  0.61958  0.77255  0.48576  0.95510
     87   1.64940  4.50241  3.80955  2.80067  3.63390  3.49278  4.10596  2.98965  3.18739  2.71295  2.89787  3.61947  4.21783  3.47823  3.51476  2.89117  3.06969  2.31352  5.09486  2.13433    324 a - - -
          2.68618  4.42225  2.77519  2.73123  3.46354  2.40513  3.72494  3.29354  2.67741  2.69355  4.24690  2.90347  2.73739  3.18146  2.89801  2.37887  2.77519  2.98518  4.58477  3.61503
          0.01153  4.86424  5.58658  0.61958  0.77255  0.48576  0.95510
     88   3.81363  5.89395  4.43454  3.50412  5.53607  4.34552  4.08060  4.77352  0.88912  4.07604  4.96109  3.82912  4.64924  2.41065  1.30699  3.77234  3.90393  4.45958  6.00835  4.94499    325 k - - -
          2.68618  4.42225  2.77519  2.73123  3.46354  2.40513  3.72494  3.29354  2.67741  2.69355  4.24690  2.90347  2.73739  3.18146  2.89801  2.37887  2.77519  2.98518  4.58477  3.61503
          0.01153  4.86424  5.58658  0.61958  0.77255  0.48576  0.95510
     89   3.10048  4.47602  4.90676  3.76914  3.41255  4.28209  4.60744  2.19381  4.13016  1.10951  2.11506  4.38886  4.60870  3.91071  4.18971  3.59477  3.32967  2.02451  5.08953  3.94185    326 l - - -
          2.68618  4.42225  2.77519  2.73123  3.46354  2.40513  3.72494  3.29354  2.67741  2.69355  4.24690  2.90347  2.73739  3.18146  2.89801  2.37887  2.77519  2.98518  4.58477  3.61503
          0.01153  4.86424  5.58658  0.61958  0.77255  0.48576  0.95510
     90   2.77657  5.32786  2.59868  1.90413  4.66719  3.48336  3.79059  3.81151  2.47508  3.43686  4.37046  2.16148  3.99511  2.56715  3.02235  2.35772  2.28432  3.71550  5.76370  4.35505    327 e - - -
          2.68618  4.42225  2.77519  2.73123  3.46354  2.40513  3.72494  3.29354  2.67741  2.69355  4.24690  2.90347  2.73739  3.18146  2.89801  2.37887  2.77519  2.98518  4.58477  3.61503
          0.01153  4.86424  5.58658  0.61958  0.77255  0.48576  0.95510
     91   3.99955  5.92349  4.65209  3.74318  5.58612  4.43935  4.21938  4.86477  2.06326  4.17571  5.10266  4.01286  4.78084  3.35566  0.44054  3.98387  4.09506  4.57233  6.07744  5.05490    328 R - - -
          2.68618  4.42225  2.77519  2.73123  3.46354  2.40513  3.72494  3.29354  2.67741  2.69355  4.24690  2.90347  2.73739  3.18146  2.89801  2.37887  2.77519  2.98518  4.58477  3.61503
          0.01153  4.86424  5.58658  0.61958  0.77255  0.48576  0.95510
     92   3.50925  6.20563  1.59069  0.76801  5.48501  3.72013  4.28845  5.04086  3.34620  4.48980  5.34049  3.16274  4.36106  3.24298  3.98502  3.36262  3.34435  4.57401  6.63470  5.07334    329 e - - -
          2.68618  4.42225  2.77519  2.73123  3.46354  2.40513  3.72494  3.29354  2.67741  2.69355  4.24690  2.90347  2.73739  3.18146  2.89801  2.37887  2.77519  2.98518  4.58477  3.61503
          0.01153  4.86424  5.58658  0.61958  0.77255  0.48576  0.95510
     93   3.07332  5.39920  3.42632  2.81115  4.76037  3.81957  3.89764  3.61298  1.77732  3.65896  4.45568  3.30826  4.19223  1.46130  1.96472  3.05688  3.27938  3.00840  5.77678  4.47663    330 q - - -
          2.68618  4.42225  2.77519  2.73123  3.46354  2.40513  3.72494  3.29354  2.67741  2.69355  4.24690  2.90347  2.73739  3.18146  2.89801  2.37887  2.77519  2.98518  4.58477  3.61503
          0.01153  4.86424  5.58658  0.61958  0.77255  0.48576  0.95510
     94   2.66280  4.68249  3.52890  2.96548  3.84142  3.57133  3.99561  2.60890  2.64193  2.74907  3.43345  3.00074  4.14323  2.66234  3.22026  2.56356  2.28316  1.87825  5.24584  3.98628    331 v - - -
          2.68618  4.42225  2.77519  2.73123  3.46354  2.40513  3.72494  3.29354  2.67741  2.69355  4.24690  2.90347  2.73739  3.18146  2.89801  2.37887  2.77519  2.98518  4.58477  3.61503
          0.01153  4.86424  5.58658  0.61958  0.77255  0.48576  0.95510
     95   3.76480  5.72897  4.42360  3.57959  4.95792  4.32092  3.50150  4.56137  2.30882  3.94116  4.34112  3.88466  4.66696  3.29766  0.50341  3.77229  3.89801  4.27938  5.85127  4.65042    332 R - - -
          2.68618  4.42225  2.77519  2.73123  3.46354  2.40513  3.72494  3.29354  2.67741  2.69355  4.24690  2.90347  2.73739  3.18146  2.89801  2.37887  2.77519  2.98518  4.58477  3.61503
          0.01153  4.86424  5.58658  0.61958  0.77255  0.48576  0.95510
     96   1.62556  5.16414  2.75046  2.78699  4.80929  2.42288  4.10893  4.27855  2.93634  3.82067  4.59535  2.78762  4.13190  3.24609  3.42095  1.44299  3.22251  3.80975  5.99287  4.62109    333 s - - -
          2.68618  4.42225  2.77519  2.73123  3.46354  2.40513  3.72494  3.29354  2.67741  2.69355  4.24690  2.90347  2.73739  3.18146  2.89801  2.37887  2.77519  2.98518  4.58477  3.61503
          0.01153  4.86424  5.58658  0.61958  0.77255  0.48576  0.95510
     97   2.52332  5.35205  3.11273  2.12910  4.70100  3.62929  3.63678  4.17678  1.70761  3.65083  4.39515  3.09876  4.02186  1.86286  2.63267  2.61310  2.95588  3.74553  5.77486  4.37974    334 k - - -
          2.68618  4.42225  2.77519  2.73123  3.46354  2.40513  3.72494  3.29354  2.67741  2.69355  4.24690  2.90347  2.73739  3.18146  2.89801  2.37887  2.77519  2.98518  4.58477  3.61503
          0.01153  4.86424  5.58658  0.61958  0.77255  0.48576  0.95510
     98   2.58980  5.28090  2.87116  2.35665  4.60399  3.60513  3.79540  4.07468  2.53926  2.96936  3.51014  1.79675  3.99873  2.32522  2.85535  2.30112  2.99778  3.65972  5.72688  4.32961    335 n - - -
          2.68618  4.42225  2.77519  2.73123  3.46354  2.40513  3.72494  3.29354  2.67741  2.69355  4.24690  2.90347  2.73739  3.18146  2.89801  2.37887  2.77519  2.98518  4.58477  3.61503
          0.01153  4.86424  5.58658  0.61958  0.77255  0.48576  0.95510
     99   2.66816  4.70098  3.51681  2.81331  3.86338  3.48297  3.99002  2.13964  1.59939  2.62125  3.43772  3.40938  4.14158  3.13426  3.18886  2.98730  2.88622  2.60877  5.26152  3.99968    336 k - - -
          2.68618  4.42225  2.77519  2.73123  3.46354  2.40513  3.72494  3.29354  2.67741  2.69355  4.24690  2.90347  2.73739  3.18146  2.89801  2.37887  2.77519  2.98518  4.58477  3.61503
          0.01153  4.86424  5.58658  0.61958  0.77255  0.48576  0.95510
    100   2.65996  5.77204  1.96461  1.00793  5.08703  3.66969  4.06167  4.60041  2.94404  4.06632  4.84738  2.85903  4.20013  2.70003  3.49552  2.86859  3.44345  4.15146  6.20304  4.72974    337 e - - -
          2.68618  4.42225  2.77519  2.73123  3.46354  2.40513  3.72494  3.29354  2.67741  2.69355  4.24690  2.90347  2.73739  3.18146  2.89801  2.37887  2.77519  2.98518  4.58477  3.61503
          0.01153  4.86424  5.58658  0.61958  0.77255  0.48576  0.95510
    101   2.39829  5.13292  2.56515  2.38322  4.40348  3.63242  3.82959  3.31342  2.60298  2.78538  3.94569  3.07173  4.02370  2.71468  2.93934  2.43984  1.88079  3.48285  5.61299  3.69672    338 t - - -
          2.68618  4.42225  2.77519  2.73123  3.46354  2.40513  3.72494  3.29354  2.67741  2.69355  4.24690  2.90347  2.73739  3.18146  2.89801  2.37887  2.77519  2.98518  4.58477  3.61503
          0.01153  4.86424  5.58658  0.61958  0.77255  0.48576  0.95510
    102   3.59166  5.18213  5.52894  4.95598  3.48848  5.11553  5.40261  2.63590  4.72261  0.42315  2.97584  5.18273  5.26188  4.23429  4.78148  4.48046  4.09033  2.93942  5.61940  4.60748    339 L - - -
          2.68618  4.42225  2.77519  2.73123  3.46354  2.40513  3.72494  3.29354  2.67741  2.69355  4.24690  2.90347  2.73739  3.18146  2.89801  2.37887  2.77519  2.98518  4.58477  3.61503
          0.01153  4.86424  5.58658  0.61958  0.77255  0.48576  0.95510
    103   2.82478  5.29175  2.93241  2.38667  4.61980  3.60472  3.79258  4.09303  2.16121  2.76078  2.99919  2.57903  3.99765  2.00813  2.42371  2.58222  3.05571  3.67327  5.73419  4.04266    340 q - - -
          2.68618  4.42225  2.77519  2.73123  3.46354  2.40513  3.72494  3.29354  2.67741  2.69355  4.24690  2.90347  2.73739  3.18146  2.89801  2.37887  2.77519  2.98518  4.58477  3.61503
          0.01153  4.86424  5.58658  0.61958  0.77255  0.48576  0.95510
    104   2.58807  5.35930  2.44818  1.47539  4.70077  3.24289  3.80445  3.78939  2.34874  3.66304  4.40230  2.66017  4.00605  2.54567  3.04449  2.53391  3.08119  3.74827  5.79279  4.37931    341 e - - -
          2.68618  4.42225  2.77519  2.73123  3.46354  2.40513  3.72494  3.29354  2.67741  2.69355  4.24690  2.90347  2.73739  3.18146  2.89801  2.37887  2.77519  2.98518  4.58477  3.61503
          0.01153  4.86424  5.58658  0.61958  0.77255  0.48576  0.95510
    105   3.18031  4.52034  5.08121  4.49340  3.55640  4.42261  4.78639  0.93408  4.32046  2.07247  2.69684  4.55345  4.74342  4.46084  4.37147  3.74807  3.14023  2.02427  5.24925  3.37775    342 i - - -
          2.68618  4.42225  2.77519  2.73123  3.46354  2.40513  3.72494  3.29354  2.67741  2.69355  4.24690  2.90347  2.73739  3.18146  2.89801  2.37887  2.77519  2.98518  4.58477  3.61503
          0.01153  4.86424  5.58658  0.61958  0.77255  0.48576  0.95510
    106   2.80469  4.46812  5.01579  4.43260  3.61117  4.37114  4.74900  0.97608  4.26531  2.25570  3.12631  4.49608  4.70699  4.42987  4.33186  3.69566  3.09021  1.75125  5.24900  3.60146    343 i - - -
          2.68618  4.42225  2.77519  2.73123  3.46354  2.40513  3.72494  3.29354  2.67741  2.69355  4.24690  2.90347  2.73739  3.18146  2.89801  2.37887  2.77519  2.98518  4.58477  3.61503
          0.01153  4.86424  5.58658  0.61958  0.77255  0.48576  0.95510
    107   2.59468  5.34346  2.30879  2.38561  4.68113  3.25037  3.80352  4.16366  2.34013  3.64548  4.38756  1.57854  4.00564  2.83982  2.83081  2.80747  2.82278  3.47436  5.77963  4.37000    344 n - - -
          2.68618  4.42225  2.77519  2.73123  3.46354  2.40513  3.72494  3.29354  2.67741  2.69355  4.24690  2.90347  2.73739  3.18146  2.89801  2.37887  2.77519  2.98518  4.58477  3.61503
          0.01153  4.86424  5.58658  0.61958  0.77255  0.48576  0.95510
    108   2.94712  5.62819  2.02632  2.63374  5.10625  3.46166  4.16584  4.60915  3.08543  4.10809  4.90500  0.94835  4.23619  3.31056  3.63439  2.60634  3.13750  4.14595  6.26387  4.81004    345 n - - -
          2.68618  4.42225  2.77519  2.73123  3.46354  2.40513  3.72494  3.29354  2.67741  2.69355  4.24690  2.90347  2.73739  3.18146  2.89801  2.37887  2.77519  2.98518  4.58477  3.61503
          0.01153  4.86424  5.58658  0.61958  0.77255  0.48576  0.95510
    109   2.32517  5.32738  2.68687  1.88077  4.66786  3.51609  3.78844  4.15099  2.26738  3.63078  4.36969  2.97422  2.50722  2.64240  3.01901  2.48051  2.60058  3.50537  5.76279  4.35390    346 e - - -
          2.68618  4.42225  2.77519  2.73123  3.46354  2.40513  3.72494  3.29354  2.67741  2.69355  4.24690  2.90347  2.73739  3.18146  2.89801  2.37887  2.77519  2.98518  4.58477  3.61503
          0.01153  4.86424  5.58658  0.61958  0.77255  0.48576  0.95510
    110   2.53203  5.32392  2.78641  2.28625  4.66290  3.20353  3.62070  4.14503  2.44431  3.62661  3.91698  1.77004  3.99385  2.49469  3.01976  2.31194  2.70683  3.71135  5.76007  4.35206    347 n - - -
          2.68618  4.42225  2.77519  2.73123  3.46354  2.40513  3.72494  3.29354  2.67741  2.69355  4.24690  2.90347  2.73739  3.18146  2.89801  2.37887  2.77519  2.98518  4.58477  3.61503
          0.01153  4.86424  5.58658  0.61958  0.77255  0.48576  0.95510
    111   2.15905  4.30733  4.50458  3.91272  3.41742  4.00990  4.33375  1.73320  3.76808  2.04563  3.13402  4.05538  4.37697  3.96318  3.89737  2.53849  2.21320  2.15945  4.94497  3.75875    348 i - - -
          2.68618  4.42225  2.77519  2.73123  3.46354  2.40513  3.72494  3.29354  2.67741  2.69355  4.24690  2.90347  2.73739  3.18146  2.89801  2.37887  2.77519  2.98518  4.58477  3.61503
          0.01153  4.86424  5.58658  0.61958  0.77255  0.48576  0.95510
    112   2.43210  5.37222  1.98769  2.37156  4.71384  3.04861  3.86719  4.19205  2.56309  3.68893  4.44495  3.10000  4.04925  2.97709  3.13949  1.58711  2.63519  3.76759  5.83686  4.42706    349 s - - -
          2.68618  4.42225  2.77519  2.73123  3.46354  2.40513  3.72494  3.29354  2.67741  2.69355  4.24690  2.90347  2.73739  3.18146  2.89801  2.37887  2.77519  2.98518  4.58477  3.61503
          0.01153  4.86424  5.58658  0.61958  0.77255  0.48576  0.95510
    113   2.41793  5.37672  2.22043  1.67288  4.71885  3.01133  3.81312  4.20688  2.15388  3.68078  4.42020  2.99685  3.63247  2.50367  3.05846  2.62224  3.09374  3.76618  5.80924  4.39318    350 e - - -
          2.68618  4.42225  2.77519  2.73123  3.46354  2.40513  3.72494  3.29354  2.67741  2.69355  4.24690  2.90347  2.73739  3.18146  2.89801  2.37887  2.77519  2.98518  4.58477  3.61503
          0.01153  4.86424  5.58658  0.61958  0.77255  0.48576  0.95510
    114   2.14634  5.39077  2.26851  1.42796  4.72617  3.61599  3.85180  4.20866  2.61858  3.69638  4.44706  2.71038  4.04081  2.95833  3.11919  2.63166  2.90645  3.43478  5.83700  4.42261    351 e - - -
          2.68618  4.42225  2.77519  2.73123  3.46354  2.40513  3.72494  3.29354  2.67741  2.69355  4.24690  2.90347  2.73739  3.18146  2.89801  2.37887  2.77519  2.98518  4.58477  3.61503
          0.01153  4.86424  5.58658  0.61958  0.77255  0.48576  0.95510
    115   2.22482  4.93062  3.29152  2.24912  4.14344  3.46129  3.89186  2.91030  2.72141  2.83906  3.59676  3.23909  4.06910  2.31404  3.17213  2.21879  2.49444  2.81968  5.45209  4.13895    352 s - - -
          2.68618  4.42225  2.77519  2.73123  3.46354  2.40513  3.72494  3.29354  2.67741  2.69355  4.24690  2.90347  2.73739  3.18146  2.89801  2.37887  2.77519  2.98518  4.58477  3.61503
          0.01153  4.86424  5.58658  0.61958  0.77255  0.48576  0.95510
    116   3.70853  5.79510  4.31697  3.44294  5.37690  4.28153  4.07617  4.64661  0.75343  4.00229  4.88322  3.78630  4.60269  3.19958  1.48483  3.68423  3.82648  3.55927  5.97425  4.87978    353 k - - -
          2.68618  4.42225  2.77519  2.73123  3.46354  2.40513  3.72494  3.29354  2.67741  2.69355  4.24690  2.90347  2.73739  3.18146  2.89801  2.37887  2.77519  2.98518  4.58477  3.61503
          0.01153  4.86424  5.58658  0.61958  0.77255  0.48576  0.95510
    117   2.59644  5.33090  2.69193  2.25205  4.67271  3.31705  3.78842  4.15635  1.88863  3.63455  4.37291  3.06732  3.99403  1.78759  2.93168  2.45202  2.93597  3.42056  5.76516  4.35608    354 q - - -
          2.68618  4.42225  2.77519  2.73123  3.46354  2.40513  3.72494  3.29354  2.67741  2.69355  4.24690  2.90347  2.73739  3.18146  2.89801  2.37887  2.77519  2.98518  4.58477  3.61503
          0.01153  4.86424  5.58658  0.61958  0.77255  0.48576  0.95510
    118   2.56902  5.37308  2.41660  1.60303  4.71503  3.60487  3.81188  4.20228  2.10736  3.67685  4.41658  2.97570  4.01229  2.24456  3.05434  2.64725  2.74301  3.76244  5.80567  4.39069    355 e - - -
          2.68618  4.42225  2.77519  2.73123  3.46354  2.40513  3.72494  3.29354  2.67741  2.69355  4.24690  2.90347  2.73739  3.18146  2.89801  2.37887  2.77519  2.98518  4.58477  3.61503
          0.01153  4.86424  5.58658  0.61958  0.77255  0.48576  0.95510
    119   0.37298  4.75546  4.60547  4.37868  4.76462  3.63626  5.18698  3.86729  4.26483  3.71694  4.05536  4.25086  4.42818  4.57191  4.43566  3.13016  3.42322  3.49337  6.28598  5.09090    356 A - - -
          2.68618  4.42225  2.77519  2.73123  3.46354  2.40513  3.72494  3.29354  2.67741  2.69355  4.24690  2.90347  2.73739  3.18146  2.89801  2.37887  2.77519  2.98518  4.58477  3.61503
          0.01153  4.86424  5.58658  0.61958  0.77255  0.48576  0.95510
    120   2.42425  4.69758  3.51076  2.62812  3.85939  3.75473  3.98860  2.34512  2.92027  2.85242  3.79251  3.17687  4.13828  2.18192  3.32304  2.64555  2.70818  2.06050  5.25881  3.49043    357 v - - -
          2.68618  4.42225  2.77519  2.73123  3.46354  2.40513  3.72494  3.29354  2.67741  2.69355  4.24690  2.90347  2.73739  3.18146  2.89801  2.37887  2.77519  2.98518  4.58477  3.61503
          0.01153  4.86424  5.58658  0.61958  0.77255  0.48576  0.95510
    121   2.47890  5.33594  2.35859  2.10008  4.68101  3.47285  3.32722  4.16712  2.27277  3.49707  4.37678  2.21192  3.99073  2.31925  2.67614  2.75094  2.85162  3.72661  5.76838  4.35715    358 e - - -
          2.68618  4.42225  2.77519  2.73123  3.46354  2.40513  3.72494  3.29354  2.67741  2.69355  4.24690  2.90347  2.73739  3.18146  2.89801  2.37887  2.77519  2.98518  4.58477  3.61503
          0.01153  4.86424  5.58658  0.61958  0.77255  0.48576  0.95510
    122   2.82189  5.32026  2.80125  2.25408  4.66029  3.39773  3.61844  3.40869  2.05424  3.62332  3.55570  2.89163  3.99078  2.08449  2.61151  2.28890  2.66091  3.70820  5.75590  4.34816    359 k - - -
          2.68618  4.42225  2.77519  2.73123  3.46354  2.40513  3.72494  3.29354  2.67741  2.69355  4.24690  2.90347  2.73739  3.18146  2.89801  2.37887  2.77519  2.98518  4.58477  3.61503
          0.01153  4.86424  5.58658  0.61958  0.77255  0.48576  0.95510
    123   2.70577  4.29664  4.43536  3.84221  3.39101  3.97355  4.28419  2.29118  2.74174  1.62621  1.85569  4.00091  4.34024  3.90066  3.83790  3.02356  3.08341  2.47302  4.91139  3.16634    360 l - - -
          2.68618  4.42225  2.77519  2.73123  3.46354  2.40513  3.72494  3.29354  2.67741  2.69355  4.24690  2.90347  2.73739  3.18146  2.89801  2.37887  2.77519  2.98518  4.58477  3.61503
          0.01153  4.86424  5.58658  0.61958  0.77255  0.48576  0.95510
    124   2.65366  4.26154  4.74270  4.13662  3.35937  4.04285  4.37586  1.95625  3.94563  1.60720  2.88899  4.17166  4.40467  4.09684  3.99119  2.94397  2.81081  1.64683  4.89768  3.39804    361 l - - -
          2.68618  4.42225  2.77519  2.73123  3.46354  2.40513  3.72494  3.29354  2.67741  2.69355  4.24690  2.90347  2.73739  3.18146  2.89801  2.37887  2.77519  2.98518  4.58477  3.61503
          0.01153  4.86424  5.58658  0.61958  0.77255  0.48576  0.95510
    125   2.04840  5.32367  2.90765  1.91605  4.66473  3.48283  3.78495  4.14787  2.16174  3.62720  4.17738  2.54670  3.99080  2.45533  2.87762  2.47616  2.94039  3.30247  5.75869  4.35016    362 e - - -
          2.68618  4.42225  2.77519  2.73123  3.46354  2.40513  3.72494  3.29354  2.67741  2.69355  4.24690  2.90347  2.73739  3.18146  2.89801  2.37887  2.77519  2.98518  4.58477  3.61503
          0.01153  4.86424  5.58658  0.61958  0.77255  0.48576  0.95510
    126   3.96109  5.17909  5.92631  5.35049  3.54885  5.36169  5.69580  1.46178  5.21632  1.03473  1.61565  5.52220  5.42735  5.11846  5.17567  4.74773  4.17167  2.47729  5.74362  4.77215    363 l - - -
          2.68618  4.42225  2.77519  2.73123  3.46354  2.40513  3.72494  3.29354  2.67741  2.69355  4.24690  2.90347  2.73739  3.18146  2.89801  2.37887  2.77519  2.98518  4.58477  3.61503
          0.01153  4.86424  5.58658  0.61958  0.77255  0.48576  0.95510
    127   2.45065  4.67409  3.54429  2.92117  3.83752  3.48287  4.00619  2.55540  2.95197  2.82502  3.77646  3.29051  4.14791  2.97519  3.34743  2.16983  1.69233  2.55445  5.24485  3.98736    364 t - - -
          2.68618  4.42225  2.77519  2.73123  3.46354  2.40513  3.72494  3.29354  2.67741  2.69355  4.24690  2.90347  2.73739  3.18146  2.89801  2.37887  2.77519  2.98518  4.58477  3.61503
          0.01153  4.86424  5.58658  0.61958  0.77255  0.48576  0.95510
    128   2.41596  5.33842  2.19927  1.92001  4.68280  3.59716  3.78738  4.16871  2.06909  3.64328  4.37961  2.65437  3.99292  2.43286  2.81473  2.60058  3.01391  3.41359  5.77110  4.35980    365 e - - -
          2.68618  4.42225  2.77519  2.73123  3.46354  2.40513  3.72494  3.29354  2.67741  2.69355  4.24690  2.90347  2.73739  3.18146  2.89801  2.37887  2.77519  2.98518  4.58477  3.61503
          0.01153  4.86424  5.58658  0.61958  0.77255  0.48576  0.95510
    129   2.82932  4.79669  3.40662  2.84541  3.97826  3.72113  3.94359  2.33876  2.56769  2.24432  3.45722  2.43277  4.10674  2.70159  2.74314  2.55027  2.59308  2.88838  5.34160  3.94139    366 l - - -
          2.68618  4.42225  2.77519  2.73123  3.46354  2.40513  3.72494  3.29354  2.67741  2.69355  4.24690  2.90347  2.73739  3.18146  2.89801  2.37887  2.77519  2.98518  4.58477  3.61503
          0.01153  4.86424  5.58658  0.61958  0.77255  0.48576  0.95510
    130   1.91420  4.49731  3.81747  3.24770  3.62728  3.83938  4.10590  2.22521  3.19096  2.55453  2.73230  3.28567  4.21836  3.21943  3.51700  2.02810  2.56127  2.71352  5.08924  3.86582    367 a - - -
          2.68618  4.42225  2.77519  2.73123  3.46354  2.40513  3.72494  3.29354  2.67741  2.69355  4.24690  2.90347  2.73739  3.18146  2.89801  2.37887  2.77519  2.98518  4.58477  3.61503
          0.01153  4.86424  5.58658  0.61958  0.77255  0.48576  0.95510
    131   2.77547  5.58996  2.40496  1.02919  4.91692  3.64557  3.95407  4.41553  2.56350  3.88709  4.64858  2.80535  4.12207  2.63932  3.28843  2.97800  3.06307  3.97333  6.02060  4.57823    368 e - - -
          2.68618  4.42225  2.77519  2.73123  3.46354  2.40513  3.72494  3.29354  2.67741  2.69355  4.24690  2.90347  2.73739  3.18146  2.89801  2.37887  2.77519  2.98518  4.58477  3.61503
          0.01153  4.86424  5.58658  0.61958  0.77255  0.48576  0.95510
    132   2.77355  5.25823  3.23653  2.66106  4.56943  3.69181  3.84616  4.00562  1.31058  3.06615  3.58384  3.18451  4.07725  2.45806  2.54777  2.90032  2.47320  3.63174  5.69660  4.34833    369 k - - -
          2.68618  4.42225  2.77519  2.73123  3.46354  2.40513  3.72494  3.29354  2.67741  2.69355  4.24690  2.90347  2.73739  3.18146  2.89801  2.37887  2.77519  2.98518  4.58477  3.61503
          0.01153  4.86424  5.58658  0.61958  0.77255  0.48576  0.95510
    133   4.29934  6.28163  3.46097  0.19670  5.84177  4.29602  5.10623  5.57242  4.17381  5.03497  6.08188  4.05178  4.96946  4.37442  4.61608  4.23248  4.64495  5.18095  6.76552  5.67799    370 E - - -
          2.68618  4.42225  2.77519  2.73123  3.46354  2.40513  3.72494  3.29354  2.67741  2.69355  4.24690  2.90347  2.73739  3.18146  2.89801  2.37887  2.77519  2.98518  4.58477  3.61503
          0.01153  4.86424  5.58658  0.61958  0.77255  0.48576  0.95510
    134   2.30979  4.54703  3.72286  2.92923  3.51430  3.36477  4.07089  3.04354  3.10874  2.18400  2.42419  2.47388  4.19512  3.40901  3.45957  2.75159  2.43298  2.34342  5.13036  3.89737    371 l - - -
          2.68618  4.42225  2.77519  2.73123  3.46354  2.40513  3.72494  3.29354  2.67741  2.69355  4.24690  2.90347  2.73739  3.18146  2.89801  2.37887  2.77519  2.98518  4.58477  3.61503
          0.01153  4.86424  5.58658  0.61958  0.77255  0.48576  0.95510
    135   1.67008  5.20564  2.89629  2.15695  3.58020  3.40532  3.81088  3.38708  2.41659  3.36013  4.07035  2.76976  4.00990  2.59614  2.97055  2.72127  2.98106  3.29633  5.66922  4.29037    372 a - - -
          2.68618  4.42225  2.77519  2.73123  3.46354  2.40513  3.72494  3.29354  2.67741  2.69355  4.24690  2.90347  2.73739  3.18146  2.89801  2.37887  2.77519  2.98518  4.58477  3.61503
          0.01153  4.86424  5.58658  0.61958  0.77255  0.48576  0.95510
    136   1.65967  4.41159  4.68731  4.10905  3.58078  4.17108  4.55118  1.57701  3.96954  2.34576  3.55698  4.24401  4.54139  4.17045  4.10119  3.23993  2.64623  1.73439  5.15197  3.96214    373 i - - -
          2.68618  4.42225  2.77519  2.73123  3.46354  2.40513  3.72494  3.29354  2.67741  2.69355  4.24690  2.90347  2.73739  3.18146  2.89801  2.37887  2.77519  2.98518  4.58477  3.61503
          0.01153  4.86424  5.58658  0.61958  0.77255  0.48576  0.95510
    137   4.29934  6.28163  3.46097  0.19670  5.84177  4.29602  5.10623  5.57242  4.17381  5.03497  6.08188  4.05178  4.96946  4.37442  4.61608  4.23248  4.64495  5.18095  6.76552  5.67799    374 E - - -
          2.68618  4.42225  2.77519  2.73123  3.46354  2.40513  3.72494  3.29354  2.67741  2.69355  4.24690  2.90347  2.73739  3.18146  2.89801  2.37887  2.77519  2.98518  4.58477  3.61503
          0.01153  4.86424  5.58658  0.61958  0.77255  0.48576  0.95510
    138   2.57228  4.88665  3.32802  2.76837  4.08887  3.69413  3.90866  3.17571  2.65914  2.55571  3.31607  1.93797  4.08174  3.03214  2.94965  2.49932  2.08070  3.19803  5.41627  4.11354    375 n - - -
          2.68618  4.42225  2.77519  2.73123  3.46354  2.40513  3.72494  3.29354  2.67741  2.69355  4.24690  2.90347  2.73739  3.18146  2.89801  2.37887  2.77519  2.98518  4.58477  3.61503
          0.01153  4.86424  5.58658  0.61958  0.77255  0.48576  0.95510
    139   3.94807  5.22144  5.69178  5.10625  3.46407  5.22811  5.49772  2.73247  4.91387  0.47970  2.33129  5.32253  5.32529  4.18006  4.92884  4.59428  4.15384  2.72859  5.62998  4.64803    376 L - - -
          2.68618  4.42225  2.77519  2.73123  3.46354  2.40513  3.72494  3.29354  2.67741  2.69355  4.24690  2.90347  2.73739  3.18146  2.89801  2.37887  2.77519  2.98518  4.58477  3.61503
          0.01153  4.86424  5.58658  0.61958  0.77255  0.48576  0.95510
    140   4.03421  5.22972  6.01326  5.45053  3.58980  5.48912  5.84488  1.28133  5.33099  0.77733  2.84052  5.65046  5.51686  5.21786  5.29223  4.89339  4.24562  2.46855  5.83565  4.87921    377 l - - -
          2.68618  4.42225  2.77519  2.73123  3.46354  2.40513  3.72494  3.29354  2.67741  2.69355  4.24690  2.90347  2.73739  3.18146  2.89801  2.37887  2.77519  2.98518  4.58477  3.61503
          0.01153  4.86424  5.58658  0.61958  0.77255  0.48576  0.95510
    141   2.39152  5.22694  2.87808  2.10393  4.53017  3.44344  3.80583  3.52665  1.89130  3.03514  3.09888  3.09980  4.00629  2.91764  2.41800  2.63855  2.97453  3.20399  5.68547  4.30141    378 k - - -
          2.68618  4.42225  2.77519  2.73123  3.46354  2.40513  3.72494  3.29354  2.67741  2.69355  4.24690  2.90347  2.73739  3.18146  2.89801  2.37887  2.77519  2.98518  4.58477  3.61503
          0.01153  4.86424  5.58658  0.61958  0.77255  0.48576  0.95510
    142   0.83554  4.94686  3.41536  2.64197  4.67958  3.58966  4.31118  4.10440  3.19103  3.72789  4.54416  3.29443  4.19615  3.49947  3.62102  2.19336  2.91235  3.66759  5.96278  4.66212    379 a - - -
          2.68618  4.42225  2.77519  2.73123  3.46354  2.40513  3.72494  3.29354  2.67741  2.69355  4.24690  2.90347  2.73739  3.18146  2.89801  2.37887  2.77519  2.98518  4.58477  3.61503
          0.01153  4.86424  5.58658  0.61958  0.77255  0.48576  0.95510
    143   3.58308  5.78362  3.89386  3.22956  5.31079  4.15841  3.71136  4.63357  0.60972  3.99651  4.85176  3.11560  4.51229  2.84400  2.36438  3.54197  3.72700  4.29078  5.98294  4.82901    380 K - - -
          2.68618  4.42225  2.77519  2.73123  3.46354  2.40513  3.72494  3.29354  2.67741  2.69355  4.24690  2.90347  2.73739  3.18146  2.89801  2.37887  2.77519  2.98518  4.58477  3.61503
          0.01153  4.86424  5.58658  0.61958  0.77255  0.48576  0.95510
    144   2.96643  4.89145  4.19556  4.19796  5.45859  0.34236  5.34359  5.06311  4.52677  4.72326  5.52957  4.18669  4.44385  4.70647  4.72101  2.68183  3.53451  4.23786  6.72851  5.61305    381 G - - -
          2.68618  4.42225  2.77519  2.73123  3.46354  2.40513  3.72494  3.29354  2.67741  2.69355  4.24690  2.90347  2.73739  3.18146  2.89801  2.37887  2.77519  2.98518  4.58477  3.61503
          0.01153  4.86424  5.58658  0.61958  0.77255  0.48576  0.95510
    145   4.95427  5.85827  5.74345  5.70955  0.45657  5.39766  4.02947  4.47759  5.48537  3.59683  4.99453  4.93505  5.65316  5.11528  5.26746  4.82321  5.14936  4.45530  4.10030  1.54071    382 F - - -
          2.68618  4.42225  2.77519  2.73123  3.46354  2.40513  3.72494  3.29354  2.67741  2.69355  4.24690  2.90347  2.73739  3.18146  2.89801  2.37887  2.77519  2.98518  4.58477  3.61503
          0.01153  4.86424  5.58658  0.61958  0.77255  0.48576  0.95510
    146   2.41856  5.32716  2.71308  2.23000  4.66989  3.59633  3.78382  4.15418  1.96639  3.42107  4.36849  2.49983  3.98994  2.42272  2.81406  2.26513  2.70734  3.32743  5.76118  4.35168    383 k - - -
          2.68618  4.42225  2.77519  2.73123  3.46354  2.40513  3.72494  3.29354  2.67741  2.69355  4.24690  2.90347  2.73739  3.18146  2.89801  2.37887  2.77519  2.98518  4.58477  3.61503
          0.01153  4.86424  5.58658  0.61958  0.77255  0.48576  0.95510
    147   3.56097  6.29974  0.73272  2.02670  5.56391  3.56969  4.31871  5.13538  3.41508  4.57311  5.43657  2.23796  4.38133  3.07527  4.08237  3.25084  3.86001  4.65939  6.71752  5.13117    384 d - - -
          2.68618  4.42225  2.77519  2.73123  3.46354  2.40513  3.72494  3.29354  2.67741  2.69355  4.24690  2.90347  2.73739  3.18146  2.89801  2.37887  2.77519  2.98518  4.58477  3.61503
          0.01153  4.86424  5.58658  0.61958  0.77255  0.48576  0.95510
    148   1.33800  2.90292  4.34374  3.83163  3.91585  3.68910  4.52237  3.24287  3.74173  3.00421  3.90475  3.95362  2.84883  3.98124  3.97048  2.39059  3.06444  1.67409  5.39397  4.20423    385 a - - -
          2.68618  4.42225  2.77519  2.73123  3.46354  2.40513  3.72494  3.29354  2.67741  2.69355  4.24690  2.90347  2.73739  3.18146  2.89801  2.37887  2.77519  2.98518  4.58477  3.61503
          0.01153  4.86424  5.58658  0.61958  0.77255  0.48576  0.95510
    149   2.78722  4.53123  5.12904  4.55580  3.70079  4.49240  4.89326  1.57355  4.39580  2.26083  3.42257  4.62228  4.81738  4.56491  4.46594  3.82543  3.44688  0.96616  5.37785  3.42182    386 v - - -
          2.68618  4.42225  2.77519  2.73123  3.46354  2.40513  3.72494  3.29354  2.67741  2.69355  4.24690  2.90347  2.73739  3.18146  2.89801  2.37887  2.77519  2.98518  4.58477  3.61503
          0.01153  4.86424  5.58658  0.61958  0.77255  0.48576  0.95510
    150   2.79740  3.87039  5.30012  4.78915  3.70813  4.63549  5.30445  2.13999  4.67007  2.73734  3.89340  4.85979  5.02803  4.88533  4.79648  4.02066  3.63039  0.56907  5.81971  4.61086    387 V - - -
          2.68618  4.42225  2.77519  2.73123  3.46354  2.40513  3.72494  3.29354  2.67741  2.69355  4.24690  2.90347  2.73739  3.18146  2.89801  2.37887  2.77519  2.98518  4.58477  3.61503
          0.01153  4.86424  5.58658  0.61958  0.77255  0.48576  0.95510
    151   2.83656  4.07040  3.99939  3.42368  2.23327  3.88298  3.75616  2.66540  3.34630  2.26739  3.28619  2.72585  4.25712  3.61134  3.20641  2.08769  2.59954  2.67447  5.01301  2.89257    388 s - - -
          2.68618  4.42225  2.77519  2.73123  3.46354  2.40513  3.72494  3.29354  2.67741  2.69355  4.24690  2.90347  2.73739  3.18146  2.89801  2.37887  2.77519  2.98518  4.58477  3.61503
          0.01153  4.86424  5.58658  0.61958  0.77255  0.48576  0.95510
    152   3.39845  4.71416  5.34200  4.74569  2.92083  4.64942  4.98008  1.14702  4.56623  1.28300  3.08936  4.80101  4.91312  4.62485  4.56960  3.98312  3.62378  2.21331  5.32184  3.58197    389 i - - -
          2.68618  4.42225  2.77519  2.73123  3.46354  2.40513  3.72494  3.29354  2.67741  2.69355  4.24690  2.90347  2.73739  3.18146  2.89801  2.37887  2.77519  2.98518  4.58477  3.61503
          0.01153  4.86424  5.58658  0.61958  0.77255  0.48576  0.95510
    153   2.70383  5.32578  2.37239  2.43207  4.66386  3.14831  3.30780  4.14561  2.53185  3.54881  4.36888  2.77985  3.99622  2.41811  2.94107  2.10458  1.98978  3.71278  5.76246  4.35453    390 t - - -
          2.68620  4.42227  2.77493  2.73125  3.46355  2.40514  3.72496  3.29356  2.67742  2.69356  4.24691  2.90348  2.73741  3.18148  2.89802  2.37888  2.77521  2.98520  4.58478  3.61505
          0.06276  2.86319  5.58658  0.33632  1.25315  0.48576  0.95510
    154   2.80736  5.47464  1.58113  2.06937  4.80919  2.53614  3.88530  4.30121  2.64486  3.77710  4.52782  2.31303  3.72238  2.96420  3.17818  2.56542  3.07753  3.73250  5.91054  4.48258    392 d - - -
          2.68618  4.42225  2.77519  2.73123  3.46354  2.40513  3.72494  3.29354  2.67741  2.69355  4.24690  2.90347  2.73739  3.18146  2.89801  2.37887  2.77519  2.98518  4.58477  3.61503
          0.01153  4.86424  5.58658  0.61958  0.77255  0.48576  0.95510
    155   2.88592  5.40633  1.97455  2.03509  4.74654  2.10906  3.83308  4.23587  2.37029  3.70938  4.45155  2.54994  4.02866  2.70155  2.90436  2.73266  2.91497  3.79499  5.83837  4.41905    393 d - - -
          2.68618  4.42225  2.77519  2.73123  3.46354  2.40513  3.72494  3.29354  2.67741  2.69355  4.24690  2.90347  2.73739  3.18146  2.89801  2.37887  2.77519  2.98518  4.58477  3.61503
          0.01153  4.86424  5.58658  0.61958  0.77255  0.48576  0.95510
    156   2.56120  5.17603  3.14062  2.53807  4.20437  3.29165  3.63229  3.67365  2.07904  3.45532  3.97716  2.86726  4.01556  2.83428  3.06195  1.75436  2.25483  3.47825  5.64644  3.78146    394 s - - -
          2.68618  4.42225  2.77519  2.73123  3.46354  2.40513  3.72494  3.29354  2.67741  2.69355  4.24690  2.90347  2.73739  3.18146  2.89801  2.37887  2.77519  2.98518  4.58477  3.61503
          0.01153  4.86424  5.58658  0.61958  0.77255  0.48576  0.95510
    157   1.78264  3.56978  5.03791  4.48183  3.80042  4.42988  4.91270  2.01849  4.34292  2.57672  3.72308  4.57274  4.79795  4.54101  4.45440  3.77309  3.22508  0.97752  5.45814  4.26346    395 v - - -
          2.68618  4.42225  2.77519  2.73123  3.46354  2.40513  3.72494  3.29354  2.67741  2.69355  4.24690  2.90347  2.73739  3.18146  2.89801  2.37887  2.77519  2.98518  4.58477  3.61503
          0.01153  4.86424  5.58658  0.61958  0.77255  0.48576  0.95510
    158   3.15077  5.68169  1.17868  2.56575  5.02585  3.66443  4.05954  4.52835  2.93416  4.01118  4.79439  1.95993  4.19145  2.97222  3.47574  2.39765  2.62594  4.08688  6.15751  4.70061    396 d - - -
          2.68618  4.42225  2.77519  2.73123  3.46354  2.40513  3.72494  3.29354  2.67741  2.69355  4.24690  2.90347  2.73739  3.18146  2.89801  2.37887  2.77519  2.98518  4.58477  3.61503
          0.01153  4.86424  5.58658  0.61958  0.77255  0.48576  0.95510
    159   3.51248  4.90346  5.78576  5.34947  4.34921  5.29819  6.16688  1.56840  5.29765  2.76356  4.06797  5.49834  5.55541  5.58354  5.48183  4.75296  3.97023  0.52549  6.49786  5.25716    397 V - - -
          2.68618  4.42225  2.77519  2.73123  3.46354  2.40513  3.72494  3.29354  2.67741  2.69355  4.24690  2.90347  2.73739  3.18146  2.89801  2.37887  2.77519  2.98518  4.58477  3.61503
          0.01153  4.86424  5.58658  0.61958  0.77255  0.48576  0.95510
    160   3.66670  4.86905  5.75236  5.28694  4.30215  5.27774  6.03092  1.29492  5.22779  2.63233  4.03666  5.43796  5.51260  5.49583  5.39818  4.70896  3.38639  0.69057  6.38330  5.15206    398 V - - -
          2.68618  4.42225  2.77519  2.73123  3.46354  2.40513  3.72494  3.29354  2.67741  2.69355  4.24690  2.90347  2.73739  3.18146  2.89801  2.37887  2.77519  2.98518  4.58477  3.61503
          0.01153  4.86424  5.58658  0.61958  0.77255  0.48576  0.95510
    161   3.74042  4.92490  5.84551  5.38457  4.24280  5.39309  6.14474  1.51616  5.33421  2.25113  3.96524  5.55133  5.58492  5.57056  5.49401  4.83681  3.99864  0.61094  6.40484  5.20119    399 V - - -
          2.68618  4.42225  2.77519  2.73123  3.46354  2.40513  3.72494  3.29354  2.67741  2.69355  4.24690  2.90347  2.73739  3.18146  2.89801  2.37887  2.77519  2.98518  4.58477  3.61503
          0.01153  4.86424  5.58658  0.61958  0.77255  0.48576  0.95510
    162   2.46625  5.32541  2.82659  2.49268  4.66613  3.34066  3.78692  4.14908  2.13279  3.62877  3.98458  1.90326  3.09689  2.27719  2.95772  2.46337  3.05621  3.71377  5.76059  4.35212    400 n - - -
          2.68618  4.42225  2.77519  2.73123  3.46354  2.40513  3.72494  3.29354  2.67741  2.69355  4.24690  2.90347  2.73739  3.18146  2.89801  2.37887  2.77519  2.98518  4.58477  3.61503
          0.01153  4.86424  5.58658  0.61958  0.77255  0.48576  0.95510
    163   1.60342  5.18930  3.05498  2.32815  4.47899  3.62112  3.81513  3.92759  2.34781  3.39733  3.40117  2.89613  3.67708  2.93316  2.85407  2.40990  2.70212  3.26922  5.65671  4.09652    401 a - - -
          2.68618  4.42225  2.77519  2.73123  3.46354  2.40513  3.72494  3.29354  2.67741  2.69355  4.24690  2.90347  2.73739  3.18146  2.89801  2.37887  2.77519  2.98518  4.58477  3.61503
          0.01153  4.86424  5.58658  0.61958  0.77255  0.48576  0.95510
    164   2.10966  5.33180  2.40249  2.06382  4.67494  3.33480  3.78583  4.15980  2.30390  3.63626  4.37322  3.06475  2.96467  2.62175  2.70872  2.37044  2.76155  3.72145  5.76552  4.35527    402 e - - -
          2.68618  4.42225  2.77519  2.73123  3.46354  2.40513  3.72494  3.29354  2.67741  2.69355  4.24690  2.90347  2.73739  3.18146  2.89801  2.37887  2.77519  2.98518  4.58477  3.61503
          0.01153  4.86424  5.58658  0.61958  0.77255  0.48576  0.95510
    165   2.71192  5.33380  2.80750  1.72468  4.67678  3.18759  3.78717  4.16170  2.21164  3.63813  4.37528  2.82718  3.99260  2.43947  2.93226  2.04258  2.89400  3.72337  5.76742  3.79396    403 e - - -
          2.68620  4.42227  2.77522  2.73126  3.46356  2.40515  3.72497  3.29356  2.67736  2.69357  4.24692  2.90337  2.73732  3.18133  2.89803  2.37889  2.77522  2.98521  4.58479  3.61505
          0.04441  3.22662  5.58658  0.68707  0.69926  0.48576  0.95510
    166   4.07777  5.27995  6.03097  5.44679  3.19889  5.48063  5.77239  1.85394  5.31709  0.56247  2.76406  5.64429  5.48855  5.15324  5.24566  4.87393  4.27826  2.56131  5.74539  4.80786    407 L - - -
          2.68618  4.42225  2.77519  2.73123  3.46354  2.40513  3.72494  3.29354  2.67741  2.69355  4.24690  2.90347  2.73739  3.18146  2.89801  2.37887  2.77519  2.98518  4.58477  3.61503
          0.01153  4.86424  5.58658  0.61958  0.77255  0.48576  0.95510
    167   2.74565  5.26073  2.91746  2.26299  4.57585  3.08835  3.82563  4.03752  2.58465  3.33372  4.32188  3.01676  3.80351  2.86018  3.07243  1.80492  1.76702  3.63780  5.72515  4.33568    408 t - - -
          2.68618  4.42225  2.77519  2.73123  3.46354  2.40513  3.72494  3.29354  2.67741  2.69355  4.24690  2.90347  2.73739  3.18146  2.89801  2.37887  2.77519  2.98518  4.58477  3.61503
          0.01153  4.86424  5.58658  0.61958  0.77255  0.48576  0.95510
    168   2.54517  5.43416  1.56380  2.11735  4.77121  3.61720  3.85478  4.26114  2.34582  3.73603  4.48205  3.08122  2.93331  2.37277  3.12432  2.65516  3.14934  3.82147  5.86710  4.44484    409 d - - -
          2.68618  4.42225  2.77519  2.73123  3.46354  2.40513  3.72494  3.29354  2.67741  2.69355  4.24690  2.90347  2.73739  3.18146  2.89801  2.37887  2.77519  2.98518  4.58477  3.61503
          0.01153  4.86424  5.58658  0.61958  0.77255  0.48576  0.95510
    169   1.77015  5.31463  2.87066  2.05627  4.65062  3.59964  3.78967  4.13043  2.27287  3.61611  4.35809  2.77051  3.15432  2.62621  3.02048  2.56635  2.73029  3.28756  5.75286  4.34703    410 a - - -
          2.68618  4.42225  2.77519  2.73123  3.46354  2.40513  3.72494  3.29354  2.67741  2.69355  4.24690  2.90347  2.73739  3.18146  2.89801  2.37887  2.77519  2.98518  4.58477  3.61503
          0.01153  4.86424  5.58658  0.61958  0.77255  0.48576  0.95510
    170   3.15807  5.74660  1.57288  1.53163  5.06643  3.66556  4.03735  4.57933  2.57996  4.04029  4.81468  2.39834  4.18424  2.08112  3.44196  3.07353  3.41261  4.12750  6.17132  4.70303    411 e - - -
          2.68618  4.42225  2.77519  2.73123  3.46354  2.40513  3.72494  3.29354  2.67741  2.69355  4.24690  2.90347  2.73739  3.18146  2.89801  2.37887  2.77519  2.98518  4.58477  3.61503
          0.01153  4.86424  5.58658  0.61958  0.77255  0.48576  0.95510
    171   2.09334  4.71198  3.49811  2.82332  3.67824  3.75132  3.98238  2.91824  2.58069  2.93611  3.60966  3.39570  4.13489  3.16373  1.81763  2.76262  3.06344  2.22218  4.58943  4.00558    412 r - - -
          2.68618  4.42225  2.77519  2.73123  3.46354  2.40513  3.72494  3.29354  2.67741  2.69355  4.24690  2.90347  2.73739  3.18146  2.89801  2.37887  2.77519  2.98518  4.58477  3.61503
          0.01153  4.86424  5.58658  0.61958  0.77255  0.48576  0.95510
    172   1.20210  4.89243  3.17666  2.79864  4.15132  3.28461  3.94689  3.30511  2.79113  3.08306  4.02751  3.12550  4.08987  3.03018  3.23407  2.59440  2.66980  3.14352  5.47256  4.16881    413 a - - -
          2.68618  4.42225  2.77519  2.73123  3.46354  2.40513  3.72494  3.29354  2.67741  2.69355  4.24690  2.90347  2.73739  3.18146  2.89801  2.37887  2.77519  2.98518  4.58477  3.61503
          0.01153  4.86424  5.58658  0.61958  0.77255  0.48576  0.95510
    173   3.22204  5.51938  3.58811  2.94344  4.92902  3.92833  3.94384  3.93203  1.55579  3.54165  4.57872  3.41504  4.29219  1.14664  2.47257  3.19914  3.27175  3.95264  5.84344  4.58726    414 q - - -
          2.68618  4.42225  2.77519  2.73123  3.46354  2.40513  3.72494  3.29354  2.67741  2.69355  4.24690  2.90347  2.73739  3.18146  2.89801  2.37887  2.77519  2.98518  4.58477  3.61503
          0.01153  4.86424  5.58658  0.61958  0.77255  0.48576  0.95510
    174   3.76897  4.96596  5.83395  5.37034  4.15093  5.37112  6.10289  0.51548  5.29380  2.51088  3.58444  5.54143  5.56855  5.50671  5.43919  4.81669  4.02935  1.72019  6.33528  5.16176    415 I - - -
          2.68618  4.42225  2.77519  2.73123  3.46354  2.40513  3.72494  3.29354  2.67741  2.69355  4.24690  2.90347  2.73739  3.18146  2.89801  2.37887  2.77519  2.98518  4.58477  3.61503
          0.01153  4.86424  5.58658  0.61958  0.77255  0.48576  0.95510
    175   2.27253  5.11720  3.17165  1.51923  3.52873  3.43002  3.83448  3.54286  2.39409  3.31338  4.18003  3.14495  4.02743  2.65770  3.08534  2.75192  2.79555  2.89533  5.60091  4.24406    416 e - - -
          2.68618  4.42225  2.77519  2.73123  3.46354  2.40513  3.72494  3.29354  2.67741  2.69355  4.24690  2.90347  2.73739  3.18146  2.89801  2.37887  2.77519  2.98518  4.58477  3.61503
          0.01153  4.86424  5.58658  0.61958  0.77255  0.48576  0.95510
    176   3.67241  6.46562  0.63673  1.79803  5.71692  3.35225  4.39383  5.31540  3.57438  4.74233  5.64685  2.72256  4.43007  3.57654  4.29861  3.48676  3.98954  4.82577  6.89026  5.25636    417 D - - -
          2.68618  4.42225  2.77519  2.73123  3.46354  2.40513  3.72494  3.29354  2.67741  2.69355  4.24690  2.90347  2.73739  3.18146  2.89801  2.37887  2.77519  2.98518  4.58477  3.61503
          0.01153  4.86424  5.58658  0.61958  0.77255  0.48576  0.95510
    177   3.63821  4.86866  5.65724  5.13926  3.97203  5.13229  5.67661  0.71846  5.03717  1.84967  3.48493  5.27491  5.35245  5.19526  5.13521  4.52344  3.44286  1.75971  5.99165  4.84609    418 i - - -
          2.68618  4.42225  2.77519  2.73123  3.46354  2.40513  3.72494  3.29354  2.67741  2.69355  4.24690  2.90347  2.73739  3.18146  2.89801  2.37887  2.77519  2.98518  4.58477  3.61503
          0.01153  4.86424  5.58658  0.61958  0.77255  0.48576  0.95510
    178   3.03408  4.81759  5.50337  5.03260  4.24918  4.95251  5.72878  1.94863  4.93793  2.70618  4.02213  5.15808  5.29901  5.20957  5.11046  4.36906  3.55195  0.50772  6.21224  4.98880    419 V - - -
          2.68618  4.42225  2.77519  2.73123  3.46354  2.40513  3.72494  3.29354  2.67741  2.69355  4.24690  2.90347  2.73739  3.18146  2.89801  2.37887  2.77519  2.98518  4.58477  3.61503
          0.01153  4.86424  5.58658  0.61958  0.77255  0.48576  0.95510
    179   2.37014  5.19993  3.13137  2.57453  4.49358  3.62055  3.81342  3.62704  1.86861  3.35720  3.73436  2.73477  4.01257  2.78401  2.87771  2.01554  2.31295  3.47278  5.66480  4.28827    420 k - - -
          2.68618  4.42225  2.77519  2.73123  3.46354  2.40513  3.72494  3.29354  2.67741  2.69355  4.24690  2.90347  2.73739  3.18146  2.89801  2.37887  2.77519  2.98518  4.58477  3.61503
          0.01153  4.86424  5.58658  0.61958  0.77255  0.48576  0.95510
    180   3.24845  5.58195  3.52668  2.72897  5.01314  3.69852  3.95302  4.40670  2.09828  3.83332  4.63946  3.09327  4.30040  2.65249  0.91264  3.07415  3.25681  4.02686  5.89104  4.63019    421 r - - -
          2.68618  4.42225  2.77519  2.73123  3.46354  2.40513  3.72494  3.29354  2.67741  2.69355  4.24690  2.90347  2.73739  3.18146  2.89801  2.37887  2.77519  2.98518  4.58477  3.61503
          0.01153  4.86424  5.58658  0.61958  0.77255  0.48576  0.95510
    181   2.72058  5.32028  3.09073  2.21539  4.65855  3.33459  3.79455  3.82315  1.51815  3.62024  4.36435  3.08146  4.00355  2.17529  2.90257  2.40560  2.76069  3.70761  5.75507  4.35420    422 k - - -
          2.68618  4.42225  2.77519  2.73123  3.46354  2.40513  3.72494  3.29354  2.67741  2.69355  4.24690  2.90347  2.73739  3.18146  2.89801  2.37887  2.77519  2.98518  4.58477  3.61503
          0.01153  4.86424  5.58658  0.61958  0.77255  0.48576  0.95510
    182   2.09447  3.57566  4.58277  4.19485  4.72565  3.09869  4.97932  4.11842  4.11702  3.83872  4.67436  4.08303  4.26758  4.34537  4.33707  2.48150  0.65981  3.41942  6.12949  4.97497    423 T - - -
          2.68618  4.42225  2.77519  2.73123  3.46354  2.40513  3.72494  3.29354  2.67741  2.69355  4.24690  2.90347  2.73739  3.18146  2.89801  2.37887  2.77519  2.98518  4.58477  3.61503
          0.01153  4.86424  5.58658  0.61958  0.77255  0.48576  0.95510
    183   3.13354  5.69993  2.47917  2.01969  5.01872  1.39504  4.02276  4.52450  2.49630  3.99437  4.76879  2.02437  4.17304  3.02633  3.41305  2.93883  3.38642  4.08041  6.13090  4.67187    424 g - - -
          2.68618  4.42225  2.77519  2.73123  3.46354  2.40513  3.72494  3.29354  2.67741  2.69355  4.24690  2.90347  2.73739  3.18146  2.89801  2.37887  2.77519  2.98518  4.58477  3.61503
          0.01153  4.86424  5.58658  0.61958  0.77255  0.48576  0.95510
    184   2.86075  3.89758  4.70029  4.09474  3.12620  4.02055  4.34940  1.64738  3.90697  2.43396  3.37004  4.14045  4.38414  3.75228  3.63986  3.32729  2.94224  1.36030  4.88080  2.87642    425 v - - -
          2.68618  4.42225  2.77519  2.73123  3.46354  2.40513  3.72494  3.29354  2.67741  2.69355  4.24690  2.90347  2.73739  3.18146  2.89801  2.37887  2.77519  2.98518  4.58477  3.61503
          0.01153  4.86424  5.58658  0.61958  0.77255  0.48576  0.95510
    185   2.14627  5.32520  2.69008  2.36118  4.66601  2.82980  3.78663  4.14913  2.27548  3.62875  4.36734  2.78276  2.84850  2.83843  2.77957  2.16911  2.62997  3.71363  5.76055  4.35185    426 a - - -
          2.68618  4.42225  2.77519  2.73123  3.46354  2.40513  3.72494  3.29354  2.67741  2.69355  4.24690  2.90347  2.73739  3.18146  2.89801  2.37887  2.77519  2.98518  4.58477  3.61503
          0.01153  4.86424  5.58658  0.61958  0.77255  0.48576  0.95510
    186   1.72895  4.37964  4.09051  3.18131  3.14984  3.78418  4.18878  2.38291  3.42265  2.25824  2.93483  3.79831  2.89952  3.52224  3.16749  3.17442  2.83062  2.30797  4.98362  3.43589    427 a - - -
          2.68618  4.42225  2.77519  2.73123  3.46354  2.40513  3.72494  3.29354  2.67741  2.69355  4.24690  2.90347  2.73739  3.18146  2.89801  2.37887  2.77519  2.98518  4.58477  3.61503
          0.01153  4.86424  5.58658  0.61958  0.77255  0.48576  0.95510
    187   2.76145  5.44395  1.96932  1.58985  4.78139  3.31518  3.85884  4.27287  2.57375  3.74628  4.49201  2.84210  4.04800  2.43325  3.13381  2.28189  2.93969  3.83153  5.87654  4.45207    428 e - - -
          2.68618  4.42225  2.77519  2.73123  3.46354  2.40513  3.72494  3.29354  2.67741  2.69355  4.24690  2.90347  2.73739  3.18146  2.89801  2.37887  2.77519  2.98518  4.58477  3.61503
          0.01153  4.86424  5.58658  0.61958  0.77255  0.48576  0.95510
    188   2.63936  5.33138  2.79137  2.52630  4.67057  3.39365  3.79603  4.15163  1.89929  3.63352  4.37514  1.71454  4.00117  2.39824  2.90003  2.64902  3.06807  3.34521  5.76703  4.36034    429 n - - -
          2.68618  4.42225  2.77519  2.73123  3.46354  2.40513  3.72494  3.29354  2.67741  2.69355  4.24690  2.90347  2.73739  3.18146  2.89801  2.37887  2.77519  2.98518  4.58477  3.61503
          0.01153  4.86424  5.58658  0.61958  0.77255  0.48576  0.95510
    189   3.76552  4.94640  5.87201  5.41829  4.24230  5.42803  6.20434  0.61574  5.36914  2.42050  3.95922  5.59171  5.61325  5.60582  5.53201  4.88078  4.02523  1.42103  6.43774  5.23700    430 I - - -
          2.68618  4.42225  2.77519  2.73123  3.46354  2.40513  3.72494  3.29354  2.67741  2.69355  4.24690  2.90347  2.73739  3.18146  2.89801  2.37887  2.77519  2.98518  4.58477  3.61503
          0.01153  4.86424  5.58658  0.61958  0.77255  0.48576  0.95510
    190   2.75518  4.63972  3.59253  3.02837  3.79252  3.78020  3.24772  2.51866  2.32678  2.85900  3.74007  3.28412  4.16315  3.30758  3.36853  2.50912  2.41963  1.66873  5.21136  3.96160    431 v - - -
          2.68618  4.42225  2.77519  2.73123  3.46354  2.40513  3.72494  3.29354  2.67741  2.69355  4.24690  2.90347  2.73739  3.18146  2.89801  2.37887  2.77519  2.98518  4.58477  3.61503
          0.01153  4.86424  5.58658  0.61958  0.77255  0.48576  0.95510
    191   3.65276  4.86838  5.70304  5.20372  4.09499  5.20107  5.81205  0.67952  5.11942  2.24179  3.46810  5.34621  5.42076  5.31451  5.24238  4.60628  3.55635  1.53700  6.13543  4.96165    432 I - - -
          2.68618  4.42225  2.77519  2.73123  3.46354  2.40513  3.72494  3.29354  2.67741  2.69355  4.24690  2.90347  2.73739  3.18146  2.89801  2.37887  2.77519  2.98518  4.58477  3.61503
          0.01153  4.86424  5.58658  0.61958  0.77255  0.48576  0.95510
    192   2.67906  4.50136  3.80764  3.23756  3.63028  3.83805  3.74269  2.31908  3.00155  2.70900  2.54569  3.42085  4.21586  3.47184  3.24833  2.56696  1.64381  2.53142  5.09063  3.86646    433 t - - -
          2.68618  4.42225  2.77519  2.73123  3.46354  2.40513  3.72494  3.29354  2.67741  2.69355  4.24690  2.90347  2.73739  3.18146  2.89801  2.37887  2.77519  2.98518  4.58477  3.61503
          0.01153  4.86424  5.58658  0.61958  0.77255  0.48576  0.95510
    193   2.71425  5.21291  3.03083  2.30082  4.51086  3.23930  3.63730  3.37645  2.52997  2.84737  3.98991  2.27518  2.19931  2.79785  3.04925  2.60950  2.62499  3.57798  5.67488  4.29428    434 p - - -
          2.68618  4.42225  2.77519  2.73123  3.46354  2.40513  3.72494  3.29354  2.67741  2.69355  4.24690  2.90347  2.73739  3.18146  2.89801  2.37887  2.77519  2.98518  4.58477  3.61503
          0.01153  4.86424  5.58658  0.61958  0.77255  0.48576  0.95510
    194   2.63216  4.17994  3.61581  3.05043  3.76348  3.78619  3.79932  2.35779  2.33673  2.36498  2.70438  2.88365  4.16740  3.32598  2.49212  2.58537  2.98354  2.56265  5.18949  3.94316    435 k - - -
          2.68618  4.42225  2.77519  2.73123  3.46354  2.40513  3.72494  3.29354  2.67741  2.69355  4.24690  2.90347  2.73739  3.18146  2.89801  2.37887  2.77519  2.98518  4.58477  3.61503
          0.04035  4.86424  3.44739  0.61958  0.77255  0.48576  0.95510
    195   2.81083  5.28937  2.53026  2.44361  3.54133  3.58965  3.23416  4.09783  1.93230  3.36528  3.85943  2.27627  3.38778  2.69666  2.79015  2.65035  2.84585  3.26613  5.73009  3.91811    436 k - - -
          2.68618  4.42225  2.77519  2.73123  3.46354  2.40513  3.72494  3.29354  2.67741  2.69355  4.24690  2.90347  2.73739  3.18146  2.89801  2.37887  2.77519  2.98518  4.58477  3.61503
          0.11623  4.58644  2.30718  0.61958  0.77255  0.55261  0.85672
    196   2.63925  4.98813  2.80719  2.08908  4.25496  2.76135  3.70956  3.68762  2.49032  2.70310  4.05453  2.74679  3.89963  2.84202  2.96497  2.46894  2.61820  2.64327  5.47537  4.11848    437 e - - -
          2.68618  4.42225  2.77519  2.73123  3.46354  2.40513  3.72494  3.29354  2.67741  2.69355  4.24690  2.90347  2.73739  3.18146  2.89801  2.37887  2.77519  2.98518  4.58477  3.61503
          0.01867  4.38610  5.10845  0.61958  0.77255  0.70532  0.68113
    197   2.66930  5.15590  2.57125  2.14788  4.49066  2.92751  3.63317  3.66792  2.10492  3.45654  4.19971  2.64461  3.83772  2.45091  2.73973  2.40658  2.81241  3.37475  5.59434  4.18933    438 k - - -
          2.68618  4.42225  2.77519  2.73123  3.46354  2.40513  3.72494  3.29354  2.67741  2.69355  4.24690  2.90347  2.73739  3.18146  2.89801  2.37887  2.77519  2.98518  4.58477  3.61503
          0.06627  4.32408  2.97836  0.61958  0.77255  0.59780  0.79856
    198   2.43081  5.19436  2.48933  1.74454  4.52055  3.21665  3.65778  3.99981  2.17321  3.49162  4.24629  2.89345  3.84866  2.56926  2.92112  2.62497  2.66870  3.57602  5.63575  4.22430    439 e - - -
          2.68618  4.42225  2.77519  2.73123  3.46354  2.40513  3.72494  3.29354  2.67741  2.69355  4.24690  2.90347  2.73739  3.18146  2.89801  2.37887  2.77519  2.98518  4.58477  3.61503
          0.20781  4.17936  1.75832  0.61958  0.77255  0.70042  0.68593
    199   2.65062  5.07727  2.21470  2.07268  4.38232  2.94783  3.60148  3.84681  2.16832  3.36913  4.14794  2.73992  3.77615  2.72501  2.89631  2.47550  2.84323  3.23232  5.54030  4.13852    440 e - - -
          2.68614  4.42328  2.77376  2.72907  3.46457  2.40598  3.72597  3.29368  2.67767  2.69458  4.24735  2.90388  2.73823  3.18077  2.89903  2.37845  2.77306  2.98621  4.58580  3.61468
          0.56750  0.83689        *  3.05658  0.04819  0.00000        *
//
