HMMER3/f [3.1b1 | May 2013]
NAME  NOG.ENOG4111UC5.meta_raw
LENG  128
ALPH  amino
RF    no
MM    no
CONS  yes
CS    no
MAP   yes
DATE  Fri Apr 17 18:37:38 2015
NSEQ  149
EFFN  1.386871
CKSUM 2218121580
STATS LOCAL MSV       -9.6769  0.71221
STATS LOCAL VITERBI  -10.4633  0.71221
STATS LOCAL FORWARD   -4.2995  0.71221
HMM          A        C        D        E        F        G        H        I        K        L        M        N        P        Q        R        S        T        V        W        Y   
            m->m     m->i     m->d     i->m     i->i     d->m     d->d
  COMPO   2.41388  4.18244  3.38741  2.97326  3.21358  3.04129  4.08866  2.22703  2.84725  2.12985  3.27965  3.42733  3.72013  3.27799  3.33403  2.78378  2.87912  2.30512  5.11970  3.52432
          2.68615  4.42239  2.77525  2.73117  3.46356  2.40520  3.72502  3.29364  2.67738  2.69361  4.24527  2.90360  2.73750  3.18148  2.89792  2.37892  2.77531  2.98504  4.58448  3.61487
          0.18506  2.11837  3.02174  1.44623  0.26848  0.00000        *
      1   2.72688  4.35600  3.84747  3.26326  3.48810  3.43676  4.12067  2.66760  3.17010  2.40481  1.33751  3.63457  3.95046  3.52111  3.42985  3.02087  3.00138  2.47171  5.03263  3.81891     12 m - - -
          2.68619  4.42226  2.77521  2.73124  3.46355  2.40509  3.72495  3.29355  2.67742  2.69356  4.24663  2.90341  2.73741  3.18147  2.89802  2.37888  2.77521  2.98519  4.58478  3.61504
          0.08519  3.45463  2.99444  0.73581  0.65223  0.54798  0.86302
      2   2.68006  5.20941  2.13814  1.74287  4.52674  3.37216  3.53214  4.00628  2.45767  3.36912  4.26637  2.62652  3.84939  2.78282  2.96305  2.36203  2.85919  3.58690  5.65437  4.10161     16 e - - -
          2.68618  4.42225  2.77520  2.73123  3.46354  2.40513  3.72495  3.29354  2.67741  2.69355  4.24690  2.90347  2.73740  3.18146  2.89801  2.37887  2.77520  2.98514  4.58477  3.61503
          0.03228  3.68590  5.00770  0.55851  0.84878  0.58918  0.80919
      3   3.07010  4.49673  4.97960  4.42434  3.37208  4.52797  4.94005  1.11673  4.30549  1.87290  2.44291  4.60104  4.78530  4.46302  4.42662  3.87520  3.43031  1.73969  5.36017  4.22676     18 i - - -
          2.68618  4.42225  2.77519  2.73123  3.46354  2.40513  3.72494  3.29354  2.67741  2.69355  4.24690  2.90347  2.73739  3.18146  2.89801  2.37887  2.77519  2.98518  4.58477  3.61503
          0.02052  4.29266  5.01501  0.61958  0.77255  0.49806  0.93575
      4   2.58214  4.09247  4.39870  3.56013  2.92414  3.77865  4.15480  1.93602  3.64013  1.73142  2.87612  3.90727  4.19158  3.81583  3.73716  3.13362  2.82888  1.91656  4.50377  3.54324     19 l - - -
          2.68618  4.42225  2.77519  2.73123  3.46354  2.40513  3.72494  3.29354  2.67741  2.69355  4.24690  2.90347  2.73739  3.18146  2.89801  2.37887  2.77519  2.98518  4.58477  3.61503
          0.01961  4.33742  5.05977  0.61958  0.77255  0.53784  0.87710
      5   2.63276  5.14891  3.00915  2.45861  4.49018  3.36968  3.58095  3.93584  1.83953  3.43163  4.20513  2.84610  3.89515  1.87959  2.53979  2.65063  2.81151  3.54073  5.56742  4.21288     20 k - - -
          2.68618  4.42225  2.77519  2.73123  3.46354  2.40513  3.72494  3.29354  2.67741  2.69355  4.24690  2.90347  2.73739  3.18146  2.89801  2.37887  2.77519  2.98518  4.58477  3.61503
          0.01961  4.33742  5.05977  0.61958  0.77255  0.53784  0.87710
      6   2.90695  4.49027  5.06318  4.53239  3.51520  4.61495  5.11317  1.08294  4.43088  2.02950  3.48725  4.70261  4.88875  4.63830  4.57936  3.97941  3.45818  1.36270  5.57146  4.38876     21 i - - -
          2.68618  4.42225  2.77519  2.73123  3.46354  2.40513  3.72494  3.29354  2.67741  2.69355  4.24690  2.90347  2.73739  3.18146  2.89801  2.37887  2.77519  2.98518  4.58477  3.61503
          0.01961  4.33742  5.05977  0.61958  0.77255  0.53118  0.88652
      7   2.19735  3.92741  3.91250  3.35042  3.40491  2.94276  4.06310  2.35497  3.26604  2.47486  3.36346  3.61671  4.07214  3.52404  3.52266  2.56972  2.79557  1.68022  4.89893  3.69522     22 v - - -
          2.68618  4.42225  2.77519  2.73123  3.46354  2.40513  3.72494  3.29354  2.67741  2.69355  4.24690  2.90347  2.73739  3.18146  2.89801  2.37887  2.77519  2.98518  4.58477  3.61503
          0.01955  4.34024  5.06259  0.61958  0.77255  0.53393  0.88261
      8   2.23750  3.94219  3.89748  3.32059  3.18333  2.33828  4.00600  2.30520  3.23272  2.18156  3.14793  3.60787  4.08408  3.48668  3.48253  2.82905  2.81872  2.23612  4.80692  3.60355     23 l - - -
          2.68618  4.42225  2.77519  2.73123  3.46354  2.40513  3.72494  3.29354  2.67741  2.69355  4.24690  2.90347  2.73739  3.18146  2.89801  2.37887  2.77519  2.98518  4.58477  3.61503
          0.01955  4.34024  5.06259  0.61958  0.77255  0.51805  0.90556
      9   2.72644  4.38618  4.81837  4.22834  2.37606  4.25039  4.58041  1.74831  4.07360  1.31283  2.82487  4.34535  4.54105  4.19021  4.14195  3.57157  3.21763  2.18427  5.01360  3.88599     24 l - - -
          2.68618  4.42225  2.77519  2.73123  3.46354  2.40513  3.72494  3.29354  2.67741  2.69355  4.24690  2.90347  2.73739  3.18146  2.89801  2.37887  2.77519  2.98518  4.58477  3.61503
          0.01942  4.34698  5.06932  0.61958  0.77255  0.52450  0.89613
     10   1.48979  3.60466  4.03484  3.64835  4.42847  1.21969  4.53799  3.81121  3.59768  3.53346  4.35979  3.63471  3.88195  3.85484  3.86243  2.40935  2.85972  3.09805  5.80604  4.63379     25 g - - -
          2.68618  4.42225  2.77519  2.73123  3.46354  2.40513  3.72494  3.29354  2.67741  2.69355  4.24690  2.90347  2.73739  3.18146  2.89801  2.37887  2.77519  2.98518  4.58477  3.61503
          0.01942  4.34698  5.06932  0.61958  0.77255  0.50716  0.92182
     11   3.09586  4.50109  5.05405  4.47671  2.82649  4.48373  4.84573  1.52723  4.33171  1.32850  2.84663  4.59705  4.73530  4.42555  4.38769  3.82306  3.42202  1.74565  5.20807  4.10002     26 l - - -
          2.68618  4.42225  2.77519  2.73123  3.46354  2.40513  3.72494  3.29354  2.67741  2.69355  4.24690  2.90347  2.73739  3.18146  2.89801  2.37887  2.77519  2.98518  4.58477  3.61503
          0.01928  4.35428  5.07663  0.61958  0.77255  0.51409  0.91141
     12   2.29120  3.72671  4.39172  3.81168  3.34351  3.80347  4.28781  1.67839  3.68021  2.21280  3.24087  3.97260  4.29443  3.88887  3.82891  3.23652  2.54864  1.68893  4.90942  3.71802     27 i - - -
          2.68618  4.42225  2.77519  2.73123  3.46354  2.40513  3.72494  3.29354  2.67741  2.69355  4.24690  2.90347  2.73739  3.18146  2.89801  2.37887  2.77519  2.98518  4.58477  3.61503
          0.01928  4.35428  5.07663  0.61958  0.77255  0.51409  0.91141
     13   1.35696  4.05608  3.76975  3.28690  4.14273  2.11854  4.25238  3.51989  3.24639  3.22485  4.07124  3.49007  3.90419  3.53598  3.58255  2.24659  2.47673  2.59812  5.52838  4.31193     28 a - - -
          2.68618  4.42225  2.77519  2.73123  3.46354  2.40513  3.72494  3.29354  2.67741  2.69355  4.24690  2.90347  2.73739  3.18146  2.89801  2.37887  2.77519  2.98518  4.58477  3.61503
          0.01928  4.35428  5.07663  0.61958  0.77255  0.51409  0.91141
     14   2.27058  3.95230  4.01957  3.44157  3.30817  3.66848  4.06910  2.46352  3.34129  2.15024  3.06640  3.69437  4.12783  3.58347  3.56393  2.88499  2.18784  1.80276  4.81888  3.62012     29 v - - -
          2.68618  4.42225  2.77519  2.73123  3.46354  2.40513  3.72494  3.29354  2.67741  2.69355  4.24690  2.90347  2.73739  3.18146  2.89801  2.37887  2.77519  2.98518  4.58477  3.61503
          0.01928  4.35428  5.07663  0.61958  0.77255  0.51409  0.91141
     15   2.69387  4.28119  4.73864  4.14700  2.28127  4.13206  4.47359  1.86155  3.98389  1.59185  2.83031  4.23794  4.45057  4.12144  4.05071  3.45017  3.06887  1.83072  4.94780  3.79683     30 l - - -
          2.68618  4.42225  2.77519  2.73123  3.46354  2.40513  3.72494  3.29354  2.67741  2.69355  4.24690  2.90347  2.73739  3.18146  2.89801  2.37887  2.77519  2.98518  4.58477  3.61503
          0.01928  4.35428  5.07663  0.61958  0.77255  0.51409  0.91141
     16   3.04344  4.55836  5.03353  4.45341  2.84945  4.51257  4.85149  1.83724  4.31484  1.00967  2.91876  4.60441  4.74847  4.39799  4.38037  3.84867  3.46643  1.97962  5.20063  4.11049     31 l - - -
          2.68618  4.42225  2.77519  2.73123  3.46354  2.40513  3.72494  3.29354  2.67741  2.69355  4.24690  2.90347  2.73739  3.18146  2.89801  2.37887  2.77519  2.98518  4.58477  3.61503
          0.01928  4.35428  5.07663  0.61958  0.77255  0.51409  0.91141
     17   1.88972  3.61331  3.99214  3.41101  3.23817  3.15717  4.02652  2.18685  3.30918  2.21496  3.23507  3.66295  4.09859  3.54822  3.52805  2.80378  2.80905  2.21392  4.77086  3.36601     32 a - - -
          2.68618  4.42225  2.77519  2.73123  3.46354  2.40513  3.72494  3.29354  2.67741  2.69355  4.24690  2.90347  2.73739  3.18146  2.89801  2.37887  2.77519  2.98518  4.58477  3.61503
          0.01928  4.35428  5.07663  0.61958  0.77255  0.51409  0.91141
     18   2.51447  4.13832  4.03672  3.45267  3.06699  3.51118  4.03199  2.22281  3.15998  1.86097  3.11078  3.48408  4.10410  3.57452  3.54596  2.71921  2.71738  2.01013  4.74927  3.50029     33 l - - -
          2.68618  4.42225  2.77519  2.73123  3.46354  2.40513  3.72494  3.29354  2.67741  2.69355  4.24690  2.90347  2.73739  3.18146  2.89801  2.37887  2.77519  2.98518  4.58477  3.61503
          0.01928  4.35428  5.07663  0.61958  0.77255  0.51409  0.91141
     19   2.62521  4.16847  3.95521  3.37425  3.14673  3.72223  4.01329  2.16145  3.07174  1.92084  2.96506  3.64108  3.93569  2.82597  3.50487  2.89414  2.84667  2.06797  4.77577  3.48679     34 l - - -
          2.68618  4.42225  2.77519  2.73123  3.46354  2.40513  3.72494  3.29354  2.67741  2.69355  4.24690  2.90347  2.73739  3.18146  2.89801  2.37887  2.77519  2.98518  4.58477  3.61503
          0.01928  4.35428  5.07663  0.61958  0.77255  0.51409  0.91141
     20   3.27976  4.58856  5.10361  4.51920  2.28474  4.54987  4.87000  1.95875  4.37284  1.05580  2.91507  4.65582  4.77056  4.42660  4.41415  3.88849  3.44222  1.94808  5.17798  4.09144     35 l - - -
          2.68618  4.42225  2.77519  2.73123  3.46354  2.40513  3.72494  3.29354  2.67741  2.69355  4.24690  2.90347  2.73739  3.18146  2.89801  2.37887  2.77519  2.98518  4.58477  3.61503
          0.01928  4.35428  5.07663  0.61958  0.77255  0.51409  0.91141
     21   2.97321  5.30299  3.14611  2.55133  4.71389  3.65636  3.70438  4.11317  1.26067  3.55666  4.36253  3.10585  4.03632  2.67449  1.90789  2.80838  3.16826  3.73683  5.63004  4.35869     36 k - - -
          2.68618  4.42225  2.77519  2.73123  3.46354  2.40513  3.72494  3.29354  2.67741  2.69355  4.24690  2.90347  2.73739  3.18146  2.89801  2.37887  2.77519  2.98518  4.58477  3.61503
          0.01928  4.35428  5.07663  0.61958  0.77255  0.51409  0.91141
     22   2.58031  5.14713  2.77207  2.03077  4.48126  3.09453  3.59886  3.95988  2.23480  3.44749  4.19115  2.65913  3.59098  2.33372  2.70278  2.36802  2.85696  3.47305  5.58584  3.89978     37 e - - -
          2.68619  4.42226  2.77514  2.73124  3.46355  2.40509  3.72495  3.29355  2.67742  2.69356  4.24691  2.90348  2.73741  3.18147  2.89802  2.37888  2.77521  2.98519  4.58478  3.61490
          0.25686  3.47918  1.63123  0.73577  0.65226  0.51409  0.91141
     23   2.57679  4.87884  2.83009  2.32131  4.05814  3.27181  3.45377  3.35733  2.30127  3.14734  3.69653  2.83219  3.80549  2.30024  2.79110  2.52863  2.76002  3.06505  5.36504  3.42542     41 q - - -
          2.68618  4.42225  2.77520  2.73123  3.46354  2.40513  3.72494  3.29354  2.67739  2.69355  4.24690  2.90347  2.73740  3.18146  2.89801  2.37887  2.77520  2.98518  4.58477  3.61503
          0.03233  3.72507  4.86659  0.57936  0.82156  0.37971  1.15220
     24   2.59496  5.03704  2.88767  2.34920  4.23760  2.94117  3.64367  3.66422  2.01720  3.25005  3.87713  2.72836  3.84362  2.75928  2.34884  2.51453  2.61601  3.40081  4.95197  4.12275     43 k - - -
          2.68622  4.42229  2.77524  2.73127  3.46358  2.40515  3.72498  3.29358  2.67710  2.69359  4.24694  2.90351  2.73744  3.18138  2.89784  2.37891  2.77524  2.98522  4.58481  3.61507
          0.23801  1.58199  5.07663  0.20921  1.66719  0.51409  0.91141
     25   2.52330  5.06576  2.82371  2.36415  4.37223  3.26485  3.66201  3.82630  2.20198  3.35905  4.13153  2.87191  2.27983  2.73223  2.83555  2.26432  2.77934  3.43857  5.53587  4.15482     45 k - - -
          2.68618  4.42225  2.77519  2.73123  3.46354  2.40513  3.72494  3.29354  2.67741  2.69355  4.24690  2.90347  2.73739  3.18146  2.89801  2.37887  2.77519  2.98518  4.58477  3.61503
          0.01928  4.35428  5.07663  0.61958  0.77255  0.51409  0.91141
     26   2.65328  5.07840  2.70047  1.55185  4.38086  3.37075  3.65173  3.79066  2.38465  3.29460  3.62567  2.85892  3.72247  2.70809  2.89682  2.57332  2.81969  3.37725  5.53787  4.15213     46 e - - -
          2.68618  4.42225  2.77519  2.73123  3.46354  2.40513  3.72494  3.29354  2.67741  2.69355  4.24690  2.90347  2.73739  3.18146  2.89801  2.37887  2.77519  2.98518  4.58477  3.61503
          0.01928  4.35428  5.07663  0.61958  0.77255  0.51409  0.91141
     27   2.73966  4.14841  4.54266  3.94874  2.26969  3.90856  4.15458  2.07576  3.77024  1.90131  2.95329  4.00059  4.25858  3.91132  3.82924  3.21632  2.98981  2.25337  4.19366  2.15574     47 l - - -
          2.68618  4.42225  2.77519  2.73123  3.46354  2.40513  3.72494  3.29354  2.67741  2.69355  4.24690  2.90347  2.73739  3.18146  2.89801  2.37887  2.77519  2.98518  4.58477  3.61503
          0.01928  4.35428  5.07663  0.61958  0.77255  0.51409  0.91141
     28   1.39670  4.52161  3.38477  2.92678  4.26760  2.32539  4.05621  3.68177  2.79195  3.32626  4.14722  3.22899  3.89093  3.26166  3.34247  2.09800  2.64272  3.16491  5.58130  4.31118     48 a - - -
          2.68618  4.42225  2.77519  2.73123  3.46354  2.40513  3.72494  3.29354  2.67741  2.69355  4.24690  2.90347  2.73739  3.18146  2.89801  2.37887  2.77519  2.98518  4.58477  3.61503
          0.01928  4.35428  5.07663  0.61958  0.77255  0.51409  0.91141
     29   2.49635  4.08511  4.29395  3.69963  2.62765  3.71798  4.10537  2.10073  3.55117  1.95924  2.87227  3.52096  4.15371  3.74272  3.67428  3.02642  2.53744  1.96283  4.71045  3.52514     49 l - - -
          2.68618  4.42225  2.77519  2.73123  3.46354  2.40513  3.72494  3.29354  2.67741  2.69355  4.24690  2.90347  2.73739  3.18146  2.89801  2.37887  2.77519  2.98518  4.58477  3.61503
          0.01928  4.35428  5.07663  0.61958  0.77255  0.48666  0.95367
     30   2.56800  4.11514  4.16179  3.57271  2.67061  3.76209  3.93073  2.38019  3.44421  1.76715  2.95147  3.76113  4.12984  3.09312  3.60855  3.02671  2.80572  2.29558  4.72136  2.61222     50 l - - -
          2.68618  4.42225  2.77519  2.73123  3.46354  2.40513  3.72494  3.29354  2.67741  2.69355  4.24690  2.90347  2.73739  3.18146  2.89801  2.37887  2.77519  2.98518  4.58477  3.61503
          0.01905  4.36579  5.08813  0.61958  0.77255  0.49732  0.93690
     31   3.24254  4.61058  5.19957  4.64686  3.45036  4.71456  5.13408  1.32430  4.52626  1.26088  2.98790  4.81470  4.92975  4.63808  4.61439  4.07599  3.57185  1.70579  5.45749  4.35957     51 l - - -
          2.68618  4.42225  2.77519  2.73123  3.46354  2.40513  3.72494  3.29354  2.67741  2.69355  4.24690  2.90347  2.73739  3.18146  2.89801  2.37887  2.77519  2.98518  4.58477  3.61503
          0.01905  4.36579  5.08813  0.61958  0.77255  0.49732  0.93690
     32   2.38132  4.66587  3.20304  2.64900  3.91588  3.17890  3.77472  3.18769  2.59259  2.89798  3.80353  3.08127  3.81091  2.97041  2.90280  1.79149  2.53601  2.74295  5.25237  3.95839     52 s - - -
          2.68618  4.42225  2.77519  2.73123  3.46354  2.40513  3.72494  3.29354  2.67741  2.69355  4.24690  2.90347  2.73739  3.18146  2.89801  2.37887  2.77519  2.98518  4.58477  3.61503
          0.01905  4.36579  5.08813  0.61958  0.77255  0.48665  0.95368
     33   2.97288  4.40310  4.86866  4.29415  3.37988  4.33536  4.71011  1.62326  4.15292  1.45213  2.51475  4.42505  4.63004  4.30403  4.24728  3.66515  3.02449  1.69308  5.17107  4.02666     53 l - - -
          2.68618  4.42225  2.77519  2.73123  3.46354  2.40513  3.72494  3.29354  2.67741  2.69355  4.24690  2.90347  2.73739  3.18146  2.89801  2.37887  2.77519  2.98518  4.58477  3.61503
          0.01897  4.37019  5.09254  0.61958  0.77255  0.48264  0.96012
     34   1.95489  3.96648  4.05900  3.47519  2.74252  3.14301  4.04758  2.32388  3.36465  2.23490  3.08883  3.70465  4.11538  3.59403  3.56415  2.85712  2.61632  2.14481  4.75942  3.56476     54 a - - -
          2.68618  4.42225  2.77519  2.73123  3.46354  2.40513  3.72494  3.29354  2.67741  2.69355  4.24690  2.90347  2.73739  3.18146  2.89801  2.37887  2.77519  2.98518  4.58477  3.61503
          0.01891  4.37353  5.09588  0.61958  0.77255  0.48576  0.95510
     35   1.86304  3.81532  3.89735  3.32312  3.26107  3.40235  4.02166  2.55332  3.23755  2.26964  3.29301  3.61150  4.08991  3.49399  3.49245  2.82945  2.43055  2.01515  4.83619  3.63191     55 a - - -
          2.68618  4.42225  2.77519  2.73123  3.46354  2.40513  3.72494  3.29354  2.67741  2.69355  4.24690  2.90347  2.73739  3.18146  2.89801  2.37887  2.77519  2.98518  4.58477  3.61503
          0.01891  4.37353  5.09588  0.61958  0.77255  0.48576  0.95510
     36   2.19398  3.05990  4.05753  3.66022  4.37671  1.07064  4.53377  3.76337  3.60465  3.48187  4.31529  3.65367  3.90449  3.86078  3.86707  2.04224  2.87615  2.98346  5.76480  4.59067     56 g - - -
          2.68618  4.42225  2.77519  2.73123  3.46354  2.40513  3.72494  3.29354  2.67741  2.69355  4.24690  2.90347  2.73739  3.18146  2.89801  2.37887  2.77519  2.98518  4.58477  3.61503
          0.01891  4.37353  5.09588  0.61958  0.77255  0.48576  0.95510
     37   2.55249  3.55153  4.58415  3.99244  3.01252  3.96926  4.31964  1.60338  3.82658  2.08058  3.01498  4.07223  4.32173  3.99766  3.90677  3.25641  2.71918  1.71379  4.85852  3.67609     57 i - - -
          2.68618  4.42225  2.77519  2.73123  3.46354  2.40513  3.72494  3.29354  2.67741  2.69355  4.24690  2.90347  2.73739  3.18146  2.89801  2.37887  2.77519  2.98518  4.58477  3.61503
          0.01891  4.37353  5.09588  0.61958  0.77255  0.48576  0.95510
     38   2.52639  3.70606  4.45947  3.85855  2.73767  3.73941  4.16168  1.96393  3.68472  1.69994  2.94294  3.93281  4.19545  3.85102  3.75962  2.95551  2.80519  2.05649  4.71121  3.53086     58 l - - -
          2.68618  4.42225  2.77519  2.73123  3.46354  2.40513  3.72494  3.29354  2.67741  2.69355  4.24690  2.90347  2.73739  3.18146  2.89801  2.37887  2.77519  2.98518  4.58477  3.61503
          0.01891  4.37353  5.09588  0.61958  0.77255  0.48576  0.95510
     39   3.39928  4.65310  5.27629  4.73671  3.40763  4.82315  5.26899  0.97954  4.62905  1.58115  3.11266  4.92045  5.01957  4.74615  4.72899  4.19746  3.63594  1.75345  5.56383  4.45775     59 i - - -
          2.68618  4.42225  2.77519  2.73123  3.46354  2.40513  3.72494  3.29354  2.67741  2.69355  4.24690  2.90347  2.73739  3.18146  2.89801  2.37887  2.77519  2.98518  4.58477  3.61503
          0.01891  4.37353  5.09588  0.61958  0.77255  0.48576  0.95510
     40   2.84135  4.40069  4.53710  3.96629  1.34911  3.96692  4.35611  2.43988  3.82361  1.71508  2.93377  4.13466  4.44835  3.99735  3.96039  3.43365  3.21917  2.37728  4.84462  3.56548     60 f - - -
          2.68618  4.42225  2.77519  2.73123  3.46354  2.40513  3.72494  3.29354  2.67741  2.69355  4.24690  2.90347  2.73739  3.18146  2.89801  2.37887  2.77519  2.98518  4.58477  3.61503
          0.01891  4.37353  5.09588  0.61958  0.77255  0.48576  0.95510
     41   2.45826  4.08512  4.26827  3.67373  2.71523  2.97762  4.08801  2.26452  3.52739  1.71169  2.98774  3.81625  4.14174  3.72089  3.65518  2.95104  2.79441  2.24120  4.46901  3.19644     61 l - - -
          2.68618  4.42225  2.77519  2.73123  3.46354  2.40513  3.72494  3.29354  2.67741  2.69355  4.24690  2.90347  2.73739  3.18146  2.89801  2.37887  2.77519  2.98518  4.58477  3.61503
          0.01891  4.37353  5.09588  0.61958  0.77255  0.48576  0.95510
     42   2.55017  3.56188  4.27012  3.67527  2.23912  3.51426  4.08634  2.47454  3.36162  1.92476  2.76360  3.75214  4.13998  3.72104  3.57641  2.81372  2.86345  2.26772  4.69749  2.95743     62 l - - -
          2.68618  4.42225  2.77519  2.73123  3.46354  2.40513  3.72494  3.29354  2.67741  2.69355  4.24690  2.90347  2.73739  3.18146  2.89801  2.37887  2.77519  2.98518  4.58477  3.61503
          0.01891  4.37353  5.09588  0.61958  0.77255  0.48576  0.95510
     43   2.33465  3.99182  4.39084  3.80019  3.20569  3.31676  4.20763  1.87568  3.65268  1.87322  2.75159  3.93298  4.23690  3.84293  3.77316  3.17845  2.95587  1.86853  4.79950  3.61531     63 v - - -
          2.68618  4.42225  2.77519  2.73123  3.46354  2.40513  3.72494  3.29354  2.67741  2.69355  4.24690  2.90347  2.73739  3.18146  2.89801  2.37887  2.77519  2.98518  4.58477  3.61503
          0.01891  4.37353  5.09588  0.61958  0.77255  0.48576  0.95510
     44   2.50663  3.86268  4.51377  3.92143  3.15726  3.92926  4.27126  1.79569  3.76063  1.83981  2.90502  4.01753  4.28491  3.93716  3.85286  3.10175  2.81332  1.73720  4.82688  3.64431     64 v - - -
          2.68618  4.42225  2.77519  2.73123  3.46354  2.40513  3.72494  3.29354  2.67741  2.69355  4.24690  2.90347  2.73739  3.18146  2.89801  2.37887  2.77519  2.98518  4.58477  3.61503
          0.01891  4.37353  5.09588  0.61958  0.77255  0.48576  0.95510
     45   2.52053  5.08060  2.45666  2.30895  4.27582  2.41917  3.64544  3.75075  2.38367  3.31739  4.13370  2.88429  3.39898  2.69583  2.80407  2.37029  2.69799  3.39738  5.53832  4.15075     65 e - - -
          2.68618  4.42225  2.77519  2.73123  3.46354  2.40513  3.72494  3.29354  2.67741  2.69355  4.24690  2.90347  2.73739  3.18146  2.89801  2.37887  2.77519  2.98518  4.58477  3.61503
          0.01891  4.37353  5.09588  0.61958  0.77255  0.48576  0.95510
     46   2.61519  4.79531  2.89130  2.36905  4.44104  3.46486  3.64295  3.90205  1.67271  3.40732  4.16684  2.87555  3.70126  2.38894  2.48066  2.57053  2.91550  3.49719  5.55761  3.79889     66 k - - -
          2.68618  4.42225  2.77519  2.73123  3.46354  2.40513  3.72494  3.29354  2.67741  2.69355  4.24690  2.90347  2.73739  3.18146  2.89801  2.37887  2.77519  2.98518  4.58477  3.61503
          0.01891  4.37353  5.09588  0.61958  0.77255  0.48576  0.95510
     47   3.06189  4.53785  5.08630  4.51962  3.19218  4.56057  4.94644  1.43594  4.38807  1.27250  2.99639  4.66237  4.80586  4.49941  4.46551  3.90602  3.47139  1.74267  5.31377  4.20241     67 l - - -
          2.68618  4.42225  2.77519  2.73123  3.46354  2.40513  3.72494  3.29354  2.67741  2.69355  4.24690  2.90347  2.73739  3.18146  2.89801  2.37887  2.77519  2.98518  4.58477  3.61503
          0.01891  4.37353  5.09588  0.61958  0.77255  0.48576  0.95510
     48   2.47484  5.08230  2.75275  2.21834  4.21647  2.94752  3.60991  3.85320  2.32446  3.32787  4.13265  2.75925  3.84163  2.56765  2.77793  2.19119  2.65876  3.22141  5.53696  3.79389     68 s - - -
          2.68618  4.42225  2.77519  2.73123  3.46354  2.40513  3.72494  3.29354  2.67741  2.69355  4.24690  2.90347  2.73739  3.18146  2.89801  2.37887  2.77519  2.98518  4.58477  3.61503
          0.01891  4.37353  5.09588  0.61958  0.77255  0.48576  0.95510
     49   2.28224  4.83300  2.91385  2.37002  3.97929  3.38365  3.70075  3.20303  2.42826  2.89875  3.90583  2.93035  3.46601  2.77074  2.93823  2.42646  2.59778  2.88541  5.34076  3.28986     69 a - - -
          2.68618  4.42225  2.77519  2.73123  3.46354  2.40513  3.72494  3.29354  2.67741  2.69355  4.24690  2.90347  2.73739  3.18146  2.89801  2.37887  2.77519  2.98518  4.58477  3.61503
          0.01891  4.37353  5.09588  0.61958  0.77255  0.48576  0.95510
     50   2.76124  4.40708  4.93446  4.37733  3.28494  4.42051  4.84562  1.33379  4.25179  1.90324  3.28789  4.51232  4.71890  4.43542  4.36776  3.76142  3.26455  1.35891  5.32889  4.15455     70 i - - -
          2.68618  4.42225  2.77519  2.73123  3.46354  2.40513  3.72494  3.29354  2.67741  2.69355  4.24690  2.90347  2.73739  3.18146  2.89801  2.37887  2.77519  2.98518  4.58477  3.61503
          0.01891  4.37353  5.09588  0.61958  0.77255  0.48576  0.95510
     51   2.65890  4.11947  4.43555  3.83894  2.45770  3.86780  4.19300  1.83236  3.37220  1.89824  2.97465  3.94463  4.22539  3.85272  3.67943  3.17089  2.83776  1.92424  4.75657  3.57800     71 i - - -
          2.68618  4.42225  2.77519  2.73123  3.46354  2.40513  3.72494  3.29354  2.67741  2.69355  4.24690  2.90347  2.73739  3.18146  2.89801  2.37887  2.77519  2.98518  4.58477  3.61503
          0.01891  4.37353  5.09588  0.61958  0.77255  0.48576  0.95510
     52   2.47797  5.14545  2.39583  2.05541  4.47835  3.26735  3.53621  3.95590  2.30685  3.33918  3.90948  2.75812  3.83378  2.49899  2.61734  2.49199  2.71770  3.52958  5.58518  4.11900     72 e - - -
          2.68618  4.42225  2.77519  2.73123  3.46354  2.40513  3.72494  3.29354  2.67741  2.69355  4.24690  2.90347  2.73739  3.18146  2.89801  2.37887  2.77519  2.98518  4.58477  3.61503
          0.01891  4.37353  5.09588  0.61958  0.77255  0.48576  0.95510
     53   2.41912  4.18715  3.90905  3.17050  2.75813  3.71410  4.00147  2.53152  3.06629  2.20276  2.90544  3.61367  4.08661  3.41814  3.39106  2.71520  2.42636  2.02711  4.79161  3.45524     73 v - - -
          2.68618  4.42225  2.77519  2.73123  3.46354  2.40513  3.72494  3.29354  2.67741  2.69355  4.24690  2.90347  2.73739  3.18146  2.89801  2.37887  2.77519  2.98518  4.58477  3.61503
          0.01891  4.37353  5.09588  0.61958  0.77255  0.48576  0.95510
     54   3.07738  4.51810  5.05720  4.47182  2.75648  4.47101  4.81313  1.63339  4.31969  1.22077  2.60216  4.58727  4.71847  4.39561  4.36267  3.80656  3.42869  1.94660  5.16222  4.06660     74 l - - -
          2.68618  4.42225  2.77519  2.73123  3.46354  2.40513  3.72494  3.29354  2.67741  2.69355  4.24690  2.90347  2.73739  3.18146  2.89801  2.37887  2.77519  2.98518  4.58477  3.61503
          0.01891  4.37353  5.09588  0.61958  0.77255  0.48576  0.95510
     55   2.65171  5.14810  2.78493  2.02652  4.39575  3.24347  3.52456  3.80858  2.22233  3.35665  4.19189  2.53754  3.83407  2.34562  2.49889  2.52906  2.84320  3.40567  5.58658  4.18299     75 e - - -
          2.68618  4.42225  2.77519  2.73123  3.46354  2.40513  3.72494  3.29354  2.67741  2.69355  4.24690  2.90347  2.73739  3.18146  2.89801  2.37887  2.77519  2.98518  4.58477  3.61503
          0.01891  4.37353  5.09588  0.61958  0.77255  0.48576  0.95510
     56   2.59550  5.15799  2.51463  2.10537  4.49508  3.26642  3.53641  3.97516  2.18301  3.40581  4.11176  2.83933  3.83418  2.38447  2.53924  2.47071  2.60306  3.54444  5.59473  4.18892     76 e - - -
          2.68618  4.42225  2.77519  2.73123  3.46354  2.40513  3.72494  3.29354  2.67741  2.69355  4.24690  2.90347  2.73739  3.18146  2.89801  2.37887  2.77519  2.98518  4.58477  3.61503
          0.01891  4.37353  5.09588  0.61958  0.77255  0.48576  0.95510
     57   3.24125  4.56331  5.04692  4.45785  3.01954  4.49077  4.80759  1.68090  4.30802  1.05791  2.58934  4.59244  4.72489  4.37141  4.35344  3.82326  3.46297  2.16133  5.14144  3.74605     77 l - - -
          2.68618  4.42225  2.77519  2.73123  3.46354  2.40513  3.72494  3.29354  2.67741  2.69355  4.24690  2.90347  2.73739  3.18146  2.89801  2.37887  2.77519  2.98518  4.58477  3.61503
          0.01891  4.37353  5.09588  0.61958  0.77255  0.48576  0.95510
     58   1.95195  4.79645  3.09917  2.48597  3.71756  3.07473  3.71239  3.21665  2.45774  2.96619  3.83477  3.00220  3.89285  2.65057  2.83806  2.39373  2.68833  3.08413  5.31188  3.99133     78 a - - -
          2.68618  4.42225  2.77519  2.73123  3.46354  2.40513  3.72494  3.29354  2.67741  2.69355  4.24690  2.90347  2.73739  3.18146  2.89801  2.37887  2.77519  2.98518  4.58477  3.61503
          0.01891  4.37353  5.09588  0.61958  0.77255  0.48576  0.95510
     59   2.45662  5.11688  2.73257  2.11974  4.43924  3.12478  3.63356  3.81810  2.31847  3.17774  4.16371  2.49043  3.83679  2.57093  2.66879  2.38774  2.75208  3.36297  5.56329  3.96163     79 e - - -
          2.68618  4.42225  2.77519  2.73123  3.46354  2.40513  3.72494  3.29354  2.67741  2.69355  4.24690  2.90347  2.73739  3.18146  2.89801  2.37887  2.77519  2.98518  4.58477  3.61503
          0.01891  4.37353  5.09588  0.61958  0.77255  0.48576  0.95510
     60   2.58074  4.99210  2.93751  2.35065  3.79276  3.31257  3.63777  3.71130  1.99348  3.16690  3.91422  2.83335  3.85632  2.56451  2.61170  2.49086  2.85015  3.20096  5.46671  3.09638     80 k - - -
          2.68618  4.42225  2.77519  2.73123  3.46354  2.40513  3.72494  3.29354  2.67741  2.69355  4.24690  2.90347  2.73739  3.18146  2.89801  2.37887  2.77519  2.98518  4.58477  3.61503
          0.01891  4.37353  5.09588  0.61958  0.77255  0.48576  0.95510
     61   1.86875  4.18861  3.94989  3.37141  3.15522  3.51010  4.02978  2.23069  3.27813  2.16815  3.10184  3.64555  4.10552  3.52649  3.51587  2.62764  2.74699  2.21938  4.80670  3.60564     81 a - - -
          2.68618  4.42225  2.77519  2.73123  3.46354  2.40513  3.72494  3.29354  2.67741  2.69355  4.24690  2.90347  2.73739  3.18146  2.89801  2.37887  2.77519  2.98518  4.58477  3.61503
          0.01891  4.37353  5.09588  0.61958  0.77255  0.48576  0.95510
     62   2.59497  5.14877  2.71766  2.31127  4.47805  2.75050  3.36073  3.95405  2.26761  3.44720  4.19479  2.23178  3.43654  2.60940  2.80018  2.38204  2.84832  3.45277  5.59040  4.18718     82 n - - -
          2.68618  4.42225  2.77519  2.73123  3.46354  2.40513  3.72494  3.29354  2.67741  2.69355  4.24690  2.90347  2.73739  3.18146  2.89801  2.37887  2.77519  2.98518  4.58477  3.61503
          0.01891  4.37353  5.09588  0.61958  0.77255  0.48576  0.95510
     63   2.62915  4.14867  4.48276  3.88991  3.08060  3.82756  4.25469  1.55919  3.73204  1.94345  2.78584  3.99825  4.06905  3.90954  3.83113  3.17907  2.98402  1.87230  4.81515  3.57443     83 i - - -
          2.68618  4.42225  2.77519  2.73123  3.46354  2.40513  3.72494  3.29354  2.67741  2.69355  4.24690  2.90347  2.73739  3.18146  2.89801  2.37887  2.77519  2.98518  4.58477  3.61503
          0.01891  4.37353  5.09588  0.61958  0.77255  0.48576  0.95510
     64   2.66058  5.29555  1.85623  2.25168  4.61790  3.43135  3.66190  4.10549  2.40764  3.59134  4.35280  2.07081  3.56503  2.70935  2.97928  2.44854  3.02604  3.67597  5.73407  4.30673     84 d - - -
          2.68618  4.42225  2.77519  2.73123  3.46354  2.40513  3.72494  3.29354  2.67741  2.69355  4.24690  2.90347  2.73739  3.18146  2.89801  2.37887  2.77519  2.98518  4.58477  3.61503
          0.01891  4.37353  5.09588  0.61958  0.77255  0.48576  0.95510
     65   2.58222  4.65483  3.20559  2.62244  3.51181  3.13457  3.61480  3.07051  2.60333  2.76602  3.05078  2.89190  3.53635  2.76055  2.98334  2.19067  2.56320  2.95811  5.03722  3.68899     85 s - - -
          2.68618  4.42225  2.77519  2.73123  3.46354  2.40513  3.72494  3.29354  2.67741  2.69355  4.24690  2.90347  2.73739  3.18146  2.89801  2.37887  2.77519  2.98518  4.58477  3.61503
          0.01885  4.37639  5.09874  0.61958  0.77255  0.48576  0.95510
     66   2.51909  4.53194  3.11263  2.47323  3.52807  3.36177  3.80979  2.66776  2.69927  2.68200  3.26646  3.22361  3.96075  2.98209  3.04648  2.54504  2.47788  2.34790  5.09163  3.52975     86 v - - -
          2.68618  4.42225  2.77519  2.73123  3.46354  2.40513  3.72494  3.29354  2.67741  2.69355  4.24690  2.90347  2.73739  3.18146  2.89801  2.37887  2.77519  2.98518  4.58477  3.61503
          0.01876  4.38116  5.10351  0.61958  0.77255  0.48576  0.95510
     67   4.16049  5.29254  4.98456  4.76372  1.84233  4.77036  3.49910  3.89568  4.58372  3.14513  4.44525  4.37159  5.06707  4.47768  4.56019  4.15842  4.37444  3.81348  3.75970  0.56711     87 Y - - -
          2.68618  4.42225  2.77519  2.73123  3.46354  2.40513  3.72494  3.29354  2.67741  2.69355  4.24690  2.90347  2.73739  3.18146  2.89801  2.37887  2.77519  2.98518  4.58477  3.61503
          0.01876  4.38116  5.10351  0.61958  0.77255  0.48576  0.95510
     68   2.84472  4.27003  4.72898  4.13753  2.56262  3.95122  4.46133  1.75230  3.97288  1.48905  2.98122  4.22451  4.44223  4.11643  4.04094  3.43525  3.08429  1.84106  4.94537  3.78772     88 l - - -
          2.68618  4.42225  2.77519  2.73123  3.46354  2.40513  3.72494  3.29354  2.67741  2.69355  4.24690  2.90347  2.73739  3.18146  2.89801  2.37887  2.77519  2.98518  4.58477  3.61503
          0.01876  4.38116  5.10351  0.61958  0.77255  0.48576  0.95510
     69   2.40052  5.08420  2.80989  2.24553  4.29749  3.00580  3.64199  3.76301  2.18095  3.32110  3.98966  2.69067  3.84341  2.59297  2.78152  2.40289  2.55383  3.17703  5.53871  4.06837     89 k - - -
          2.68618  4.42225  2.77519  2.73123  3.46354  2.40513  3.72494  3.29354  2.67741  2.69355  4.24690  2.90347  2.73739  3.18146  2.89801  2.37887  2.77519  2.98518  4.58477  3.61503
          0.01876  4.38116  5.10351  0.61958  0.77255  0.48576  0.95510
     70   2.77206  4.36301  4.40055  3.84436  3.56056  4.09753  4.51030  1.61947  3.74308  2.20970  3.46729  4.08792  4.46372  3.99718  3.96514  3.41343  1.71174  1.77269  5.21639  4.01748     90 i - - -
          2.68618  4.42225  2.77519  2.73123  3.46354  2.40513  3.72494  3.29354  2.67741  2.69355  4.24690  2.90347  2.73739  3.18146  2.89801  2.37887  2.77519  2.98518  4.58477  3.61503
          0.01876  4.38116  5.10351  0.61958  0.77255  0.48576  0.95510
     71   3.26647  4.55916  5.11509  4.55229  3.41868  4.60204  4.99942  1.56592  4.42232  1.22422  2.82646  4.70246  4.84184  4.53875  4.50509  3.95144  3.31980  1.61849  5.36151  4.25331     91 l - - -
          2.68618  4.42225  2.77519  2.73123  3.46354  2.40513  3.72494  3.29354  2.67741  2.69355  4.24690  2.90347  2.73739  3.18146  2.89801  2.37887  2.77519  2.98518  4.58477  3.61503
          0.01876  4.38116  5.10351  0.61958  0.77255  0.48576  0.95510
     72   3.17022  4.51100  4.96339  4.36825  2.60029  4.37880  4.65495  2.11272  4.20607  0.92825  2.91784  4.47891  4.63364  4.27117  4.24391  3.70333  3.39080  2.29076  4.11982  3.87279     92 l - - -
          2.68618  4.42225  2.77519  2.73123  3.46354  2.40513  3.72494  3.29354  2.67741  2.69355  4.24690  2.90347  2.73739  3.18146  2.89801  2.37887  2.77519  2.98518  4.58477  3.61503
          0.01876  4.38116  5.10351  0.61958  0.77255  0.48576  0.95510
     73   3.37039  5.42685  3.69512  3.09584  4.93345  3.89478  3.88093  4.30548  0.70133  3.72021  4.62074  3.47700  4.29773  3.02413  2.20130  3.36470  3.54317  3.98692  5.70889  4.57139     93 k - - -
          2.68618  4.42225  2.77519  2.73123  3.46354  2.40513  3.72494  3.29354  2.67741  2.69355  4.24690  2.90347  2.73739  3.18146  2.89801  2.37887  2.77519  2.98518  4.58477  3.61503
          0.01876  4.38116  5.10351  0.61958  0.77255  0.48576  0.95510
     74   2.76568  4.25984  4.47906  3.90201  3.37168  4.03212  4.39088  1.36308  3.76559  2.17540  2.32246  4.07115  4.38310  3.97549  3.91473  2.97010  3.03046  1.96919  4.99407  3.81135     94 i - - -
          2.68618  4.42225  2.77519  2.73123  3.46354  2.40513  3.72494  3.29354  2.67741  2.69355  4.24690  2.90347  2.73739  3.18146  2.89801  2.37887  2.77519  2.98518  4.58477  3.61503
          0.01876  4.38116  5.10351  0.61958  0.77255  0.48576  0.95510
     75   2.88887  4.41408  4.89515  4.34035  3.57289  4.41244  4.84420  1.32276  4.21762  1.71084  3.34373  4.49195  4.71685  4.41627  4.35046  3.75268  2.95069  1.48940  5.35213  4.17427     95 i - - -
          2.68618  4.42225  2.77519  2.73123  3.46354  2.40513  3.72494  3.29354  2.67741  2.69355  4.24690  2.90347  2.73739  3.18146  2.89801  2.37887  2.77519  2.98518  4.58477  3.61503
          0.01876  4.38116  5.10351  0.61958  0.77255  0.48576  0.95510
     76   2.18776  4.48758  3.70227  3.60869  4.84780  0.64367  4.74703  4.27646  3.82318  4.00147  4.85503  3.69466  4.01883  4.06997  4.07232  2.75005  3.10014  3.63790  6.14212  4.99880     96 G - - -
          2.68618  4.42225  2.77519  2.73123  3.46354  2.40513  3.72494  3.29354  2.67741  2.69355  4.24690  2.90347  2.73739  3.18146  2.89801  2.37887  2.77519  2.98518  4.58477  3.61503
          0.01876  4.38116  5.10351  0.61958  0.77255  0.48576  0.95510
     77   3.27317  4.61397  5.24853  4.75633  3.78855  4.82631  5.44143  0.81111  4.65020  2.14875  3.55946  4.94428  5.08457  4.88854  4.81626  4.23123  3.62043  1.50680  5.83580  4.64884     97 i - - -
          2.68618  4.42225  2.77519  2.73123  3.46354  2.40513  3.72494  3.29354  2.67741  2.69355  4.24690  2.90347  2.73739  3.18146  2.89801  2.37887  2.77519  2.98518  4.58477  3.61503
          0.01876  4.38116  5.10351  0.61958  0.77255  0.48576  0.95510
     78   1.11372  2.97380  4.09053  3.65990  4.18673  3.20295  4.48227  3.52026  3.58595  3.27868  4.13913  3.67305  3.93289  3.84060  3.83903  2.36678  1.84919  3.09417  5.60771  4.42972     98 a - - -
          2.68618  4.42225  2.77519  2.73123  3.46354  2.40513  3.72494  3.29354  2.67741  2.69355  4.24690  2.90347  2.73739  3.18146  2.89801  2.37887  2.77519  2.98518  4.58477  3.61503
          0.01876  4.38116  5.10351  0.61958  0.77255  0.48576  0.95510
     79   3.97482  5.17470  4.94984  4.65423  1.97488  4.70312  3.71309  3.58197  4.46942  2.54911  4.18654  4.35819  4.99745  4.41985  4.48229  4.07363  4.19263  3.52827  3.84050  0.63824     99 Y - - -
          2.68618  4.42225  2.77519  2.73123  3.46354  2.40513  3.72494  3.29354  2.67741  2.69355  4.24690  2.90347  2.73739  3.18146  2.89801  2.37887  2.77519  2.98518  4.58477  3.61503
          0.01876  4.38116  5.10351  0.61958  0.77255  0.48576  0.95510
     80   2.93582  4.53597  5.12111  4.58861  3.64800  4.65767  5.15139  1.12030  4.47824  1.65877  3.45305  4.75486  4.92215  4.66992  4.61284  4.02466  3.50465  1.51321  5.57788  4.41617    100 i - - -
          2.68618  4.42225  2.77519  2.73123  3.46354  2.40513  3.72494  3.29354  2.67741  2.69355  4.24690  2.90347  2.73739  3.18146  2.89801  2.37887  2.77519  2.98518  4.58477  3.61503
          0.01876  4.38116  5.10351  0.61958  0.77255  0.48576  0.95510
     81   1.37357  3.45104  3.73099  3.21323  3.89094  2.92996  4.14431  3.25631  3.16479  2.97040  3.63411  3.47855  3.95122  3.45675  3.50055  2.28882  2.22356  2.81933  5.30925  4.08819    101 a - - -
          2.68618  4.42225  2.77519  2.73123  3.46354  2.40513  3.72494  3.29354  2.67741  2.69355  4.24690  2.90347  2.73739  3.18146  2.89801  2.37887  2.77519  2.98518  4.58477  3.61503
          0.01876  4.38116  5.10351  0.61958  0.77255  0.48576  0.95510
     82   2.78148  5.26157  2.49589  1.40508  4.58026  3.44093  3.71651  4.05837  2.50748  3.55671  4.13658  2.91134  3.89415  2.38007  3.00902  2.53669  2.87855  3.64066  5.70788  4.29159    102 e - - -
          2.68618  4.42225  2.77519  2.73123  3.46354  2.40513  3.72494  3.29354  2.67741  2.69355  4.24690  2.90347  2.73739  3.18146  2.89801  2.37887  2.77519  2.98518  4.58477  3.61503
          0.01876  4.38116  5.10351  0.61958  0.77255  0.48576  0.95510
     83   3.38485  4.71757  4.84907  4.34826  0.96997  4.45670  4.15783  2.56160  4.19103  1.91215  3.17368  4.36320  4.73178  4.25722  4.26478  3.78603  3.60592  2.75735  4.39141  2.62141    103 f - - -
          2.68618  4.42225  2.77519  2.73123  3.46354  2.40513  3.72494  3.29354  2.67741  2.69355  4.24690  2.90347  2.73739  3.18146  2.89801  2.37887  2.77519  2.98518  4.58477  3.61503
          0.01876  4.38116  5.10351  0.61958  0.77255  0.48576  0.95510
     84   1.57885  3.09061  3.88388  3.41730  4.22579  1.79352  4.35211  3.62070  3.37125  3.31727  4.15736  3.55618  3.91258  3.64875  3.68733  1.93816  2.53547  3.00695  5.61145  4.40840    104 a - - -
          2.68618  4.42225  2.77519  2.73123  3.46354  2.40513  3.72494  3.29354  2.67741  2.69355  4.24690  2.90347  2.73739  3.18146  2.89801  2.37887  2.77519  2.98518  4.58477  3.61503
          0.01876  4.38116  5.10351  0.61958  0.77255  0.48576  0.95510
     85   1.62842  4.11639  3.61828  3.08712  3.86124  3.35632  4.06278  3.11741  3.04151  2.85521  3.66853  3.41659  3.96372  3.35015  3.40069  1.64179  2.84269  2.63195  5.27588  4.03997    105 a - - -
          2.68618  4.42225  2.77519  2.73123  3.46354  2.40513  3.72494  3.29354  2.67741  2.69355  4.24690  2.90347  2.73739  3.18146  2.89801  2.37887  2.77519  2.98518  4.58477  3.61503
          0.01876  4.38116  5.10351  0.61958  0.77255  0.48576  0.95510
     86   2.45766  4.81524  2.62533  2.23416  4.45632  2.84150  3.43046  3.92858  2.38468  3.42844  4.17892  2.63719  3.84082  2.12261  2.87458  2.46581  2.85164  3.47407  5.57708  4.00396    106 q - - -
          2.68618  4.42225  2.77519  2.73123  3.46354  2.40513  3.72494  3.29354  2.67741  2.69355  4.24690  2.90347  2.73739  3.18146  2.89801  2.37887  2.77519  2.98518  4.58477  3.61503
          0.01876  4.38116  5.10351  0.61958  0.77255  0.48576  0.95510
     87   2.92712  4.36252  4.73063  4.17057  3.53329  4.26953  4.68434  1.19880  4.04042  1.82275  3.39423  4.33294  4.59981  4.25547  4.18757  3.37256  3.02738  1.68799  5.24587  4.05977    107 i - - -
          2.68618  4.42225  2.77519  2.73123  3.46354  2.40513  3.72494  3.29354  2.67741  2.69355  4.24690  2.90347  2.73739  3.18146  2.89801  2.37887  2.77519  2.98518  4.58477  3.61503
          0.01876  4.38116  5.10351  0.61958  0.77255  0.48576  0.95510
     88   2.31310  1.13650  4.29306  3.86268  3.94732  3.31438  4.52322  3.07672  3.72971  2.92881  3.91767  3.80730  4.01597  3.97573  3.91253  2.54907  2.51125  2.54185  5.43721  4.26360    108 c - - -
          2.68618  4.42225  2.77519  2.73123  3.46354  2.40513  3.72494  3.29354  2.67741  2.69355  4.24690  2.90347  2.73739  3.18146  2.89801  2.37887  2.77519  2.98518  4.58477  3.61503
          0.01876  4.38116  5.10351  0.61958  0.77255  0.48576  0.95510
     89   2.98530  5.29154  3.32293  2.59119  4.69943  3.68696  3.64835  4.09249  1.29970  3.46700  4.34932  2.98311  4.05417  2.77513  1.79407  2.85308  3.17600  3.72389  5.61549  4.13276    109 k - - -
          2.68618  4.42225  2.77519  2.73123  3.46354  2.40513  3.72494  3.29354  2.67741  2.69355  4.24690  2.90347  2.73739  3.18146  2.89801  2.37887  2.77519  2.98518  4.58477  3.61503
          0.01876  4.38116  5.10351  0.61958  0.77255  0.48576  0.95510
     90   3.41746  5.82019  0.55671  2.42146  5.19558  3.51915  4.23629  4.80703  3.39704  4.33639  5.29261  3.06792  4.20851  3.44992  4.02462  3.29680  3.75620  4.38022  6.34781  4.91726    110 D - - -
          2.68618  4.42225  2.77519  2.73123  3.46354  2.40513  3.72494  3.29354  2.67741  2.69355  4.24690  2.90347  2.73739  3.18146  2.89801  2.37887  2.77519  2.98518  4.58477  3.61503
          0.01876  4.38116  5.10351  0.61958  0.77255  0.48576  0.95510
     91   0.83744  3.56126  4.07530  3.66648  4.27728  3.19017  4.51530  3.57896  3.58797  3.20629  4.22581  3.67402  3.93323  3.85710  3.84276  2.15298  2.84750  3.13410  5.69099  4.50981    111 a - - -
          2.68618  4.42225  2.77519  2.73123  3.46354  2.40513  3.72494  3.29354  2.67741  2.69355  4.24690  2.90347  2.73739  3.18146  2.89801  2.37887  2.77519  2.98518  4.58477  3.61503
          0.01876  4.38116  5.10351  0.61958  0.77255  0.48576  0.95510
     92   2.77560  4.80224  2.93237  2.94321  4.80502  0.74057  4.38160  4.36553  3.39915  3.98704  4.83965  2.83516  4.05090  3.63082  3.79734  2.88076  3.24001  3.80022  6.07171  4.77587    112 g - - -
          2.68618  4.42225  2.77519  2.73123  3.46354  2.40513  3.72494  3.29354  2.67741  2.69355  4.24690  2.90347  2.73739  3.18146  2.89801  2.37887  2.77519  2.98518  4.58477  3.61503
          0.01876  4.38116  5.10351  0.61958  0.77255  0.48576  0.95510
     93   2.61871  4.95749  2.99738  1.83151  4.20052  3.48821  3.57440  3.64367  2.46976  3.15813  4.02566  3.00179  3.88849  2.39786  2.92920  2.62211  2.92601  3.18321  5.43291  2.54235    113 e - - -
          2.68618  4.42225  2.77519  2.73123  3.46354  2.40513  3.72494  3.29354  2.67741  2.69355  4.24690  2.90347  2.73739  3.18146  2.89801  2.37887  2.77519  2.98518  4.58477  3.61503
          0.01876  4.38116  5.10351  0.61958  0.77255  0.48576  0.95510
     94   2.57105  5.14528  2.78738  2.28507  4.46840  2.54615  3.59913  3.94018  2.24267  3.44148  4.19525  2.67495  3.84930  2.32274  2.89142  2.20797  2.80841  3.45183  5.59172  4.19171    114 s - - -
          2.68618  4.42225  2.77519  2.73123  3.46354  2.40513  3.72494  3.29354  2.67741  2.69355  4.24690  2.90347  2.73739  3.18146  2.89801  2.37887  2.77519  2.98518  4.58477  3.61503
          0.01876  4.38116  5.10351  0.61958  0.77255  0.48576  0.95510
     95   1.64271  4.60490  3.28990  2.74999  3.98207  3.18623  3.86261  3.34571  2.73283  3.01435  3.59996  2.81619  3.91690  3.06702  3.15614  2.22838  2.45808  2.93714  5.32301  4.03899    115 a - - -
          2.68618  4.42225  2.77519  2.73123  3.46354  2.40513  3.72494  3.29354  2.67741  2.69355  4.24690  2.90347  2.73739  3.18146  2.89801  2.37887  2.77519  2.98518  4.58477  3.61503
          0.01876  4.38116  5.10351  0.61958  0.77255  0.48576  0.95510
     96   3.29308  4.56340  5.16162  4.62716  3.62680  4.70571  5.19035  1.04004  4.51591  1.68795  3.33983  4.79955  4.95308  4.69674  4.64572  4.07437  3.29022  1.57413  5.58954  4.44033    116 i - - -
          2.68618  4.42225  2.77519  2.73123  3.46354  2.40513  3.72494  3.29354  2.67741  2.69355  4.24690  2.90347  2.73739  3.18146  2.89801  2.37887  2.77519  2.98518  4.58477  3.61503
          0.01876  4.38116  5.10351  0.61958  0.77255  0.48576  0.95510
     97   0.78973  4.34495  3.82522  3.61388  4.68530  1.99743  4.64617  4.08842  3.70943  3.80841  4.62504  3.63584  3.92156  3.95291  3.97144  2.55141  2.94000  3.46268  6.03320  4.86063    117 a - - -
          2.68618  4.42225  2.77519  2.73123  3.46354  2.40513  3.72494  3.29354  2.67741  2.69355  4.24690  2.90347  2.73739  3.18146  2.89801  2.37887  2.77519  2.98518  4.58477  3.61503
          0.01876  4.38116  5.10351  0.61958  0.77255  0.48576  0.95510
     98   2.43213  4.88714  3.04686  2.43096  4.13685  3.01403  3.69216  3.55772  2.33353  2.98242  3.96012  2.84832  3.87879  2.78661  2.94803  1.93083  2.54851  3.12738  4.99538  4.04797    118 s - - -
          2.68618  4.42225  2.77519  2.73123  3.46354  2.40513  3.72494  3.29354  2.67741  2.69355  4.24690  2.90347  2.73739  3.18146  2.89801  2.37887  2.77519  2.98518  4.58477  3.61503
          0.01876  4.38116  5.10351  0.61958  0.77255  0.48576  0.95510
     99   3.03385  5.32871  3.33356  2.72384  4.74375  3.71000  3.61110  4.13626  1.29397  3.57339  4.38969  3.10511  4.08117  1.83002  2.28556  3.00537  3.22024  3.77065  5.63394  4.20064    119 k - - -
          2.68618  4.42225  2.77519  2.73123  3.46354  2.40513  3.72494  3.29354  2.67741  2.69355  4.24690  2.90347  2.73739  3.18146  2.89801  2.37887  2.77519  2.98518  4.58477  3.61503
          0.01876  4.38116  5.10351  0.61958  0.77255  0.48576  0.95510
    100   3.31821  4.56735  5.24137  4.74442  3.85263  4.80295  5.42348  0.99504  4.65139  2.26680  3.62519  4.92007  5.06764  4.89780  4.82039  4.20120  3.36242  1.18801  5.85129  4.64986    120 i - - -
          2.68618  4.42225  2.77519  2.73123  3.46354  2.40513  3.72494  3.29354  2.67741  2.69355  4.24690  2.90347  2.73739  3.18146  2.89801  2.37887  2.77519  2.98518  4.58477  3.61503
          0.01876  4.38116  5.10351  0.61958  0.77255  0.48576  0.95510
    101   3.01175  5.51672  2.32731  0.97597  4.80657  3.43853  3.87270  4.30071  2.77202  3.55726  4.62701  2.90436  3.99783  2.85644  3.30067  2.85192  3.27781  3.89019  5.96760  4.51099    121 e - - -
          2.68618  4.42225  2.77519  2.73123  3.46354  2.40513  3.72494  3.29354  2.67741  2.69355  4.24690  2.90347  2.73739  3.18146  2.89801  2.37887  2.77519  2.98518  4.58477  3.61503
          0.01876  4.38116  5.10351  0.61958  0.77255  0.48576  0.95510
    102   2.87764  4.31909  4.73506  4.13927  2.23346  4.14169  4.46284  2.09048  3.97534  1.29879  2.58876  4.10410  4.45284  4.10094  4.04049  3.45678  3.13981  2.17547  4.92365  3.78103    122 l - - -
          2.68618  4.42225  2.77519  2.73123  3.46354  2.40513  3.72494  3.29354  2.67741  2.69355  4.24690  2.90347  2.73739  3.18146  2.89801  2.37887  2.77519  2.98518  4.58477  3.61503
          0.01876  4.38116  5.10351  0.61958  0.77255  0.48576  0.95510
    103   1.47611  4.30287  3.74629  3.21621  2.38745  3.10980  4.06225  2.93821  3.15996  2.63236  3.57838  3.51349  4.01682  3.44244  3.46748  2.63886  2.78111  2.61871  5.05474  3.83236    123 a - - -
          2.68618  4.42225  2.77519  2.73123  3.46354  2.40513  3.72494  3.29354  2.67741  2.69355  4.24690  2.90347  2.73739  3.18146  2.89801  2.37887  2.77519  2.98518  4.58477  3.61503
          0.01876  4.38116  5.10351  0.61958  0.77255  0.48576  0.95510
    104   1.58839  3.33857  4.12376  3.77018  4.52247  1.08421  4.63523  3.92165  3.72152  3.63684  4.45473  3.69238  3.90088  3.96430  3.96316  2.40595  2.81041  3.34212  5.89707  4.74007    124 g - - -
          2.68618  4.42225  2.77519  2.73123  3.46354  2.40513  3.72494  3.29354  2.67741  2.69355  4.24690  2.90347  2.73739  3.18146  2.89801  2.37887  2.77519  2.98518  4.58477  3.61503
          0.01876  4.38116  5.10351  0.61958  0.77255  0.48576  0.95510
    105   3.36900  5.43142  3.71300  3.09295  4.94180  3.90036  3.86669  4.30451  0.71412  3.71416  4.61111  3.47217  4.29491  3.00753  2.15872  3.36116  3.53621  3.98609  5.70327  4.56824    125 k - - -
          2.68618  4.42225  2.77519  2.73123  3.46354  2.40513  3.72494  3.29354  2.67741  2.69355  4.24690  2.90347  2.73739  3.18146  2.89801  2.37887  2.77519  2.98518  4.58477  3.61503
          0.01876  4.38116  5.10351  0.61958  0.77255  0.48576  0.95510
    106   3.01045  4.37484  4.86476  4.29877  3.28359  4.15646  4.73573  1.37965  4.16278  1.66542  3.30175  4.42607  4.64361  4.34048  4.27084  3.66843  3.13952  1.50653  5.22846  4.05682    126 i - - -
          2.68618  4.42225  2.77519  2.73123  3.46354  2.40513  3.72494  3.29354  2.67741  2.69355  4.24690  2.90347  2.73739  3.18146  2.89801  2.37887  2.77519  2.98518  4.58477  3.61503
          0.01876  4.38116  5.10351  0.61958  0.77255  0.48576  0.95510
    107   2.38512  3.81846  4.15774  3.56890  3.00427  3.48783  4.06770  2.25075  3.44230  1.92634  2.80008  3.75911  4.12965  3.65523  3.60862  2.47492  2.51779  2.26234  4.73021  3.47379    127 l - - -
          2.68618  4.42225  2.77519  2.73123  3.46354  2.40513  3.72494  3.29354  2.67741  2.69355  4.24690  2.90347  2.73739  3.18146  2.89801  2.37887  2.77519  2.98518  4.58477  3.61503
          0.01876  4.38116  5.10351  0.61958  0.77255  0.48576  0.95510
    108   3.37564  4.61684  5.28984  4.77562  3.71114  4.86045  5.40597  0.88854  4.67759  2.05042  3.21560  4.96225  5.08233  4.87062  4.82032  4.25165  3.62404  1.45524  5.75802  4.60160    128 i - - -
          2.68618  4.42225  2.77519  2.73123  3.46354  2.40513  3.72494  3.29354  2.67741  2.69355  4.24690  2.90347  2.73739  3.18146  2.89801  2.37887  2.77519  2.98518  4.58477  3.61503
          0.01876  4.38116  5.10351  0.61958  0.77255  0.48576  0.95510
    109   3.19404  4.57117  5.02683  4.43917  2.94173  4.49284  4.81522  2.12569  4.29441  1.03587  2.16277  4.58612  4.72813  4.36535  4.35033  3.82438  3.33746  2.03523  5.15982  4.08078    129 l - - -
          2.68618  4.42225  2.77519  2.73123  3.46354  2.40513  3.72494  3.29354  2.67741  2.69355  4.24690  2.90347  2.73739  3.18146  2.89801  2.37887  2.77519  2.98518  4.58477  3.61503
          0.01876  4.38116  5.10351  0.61958  0.77255  0.48576  0.95510
    110   2.29270  4.14776  4.32275  3.73580  2.89240  3.71331  4.19042  2.18291  3.59886  2.02903  3.23329  3.89448  4.22433  3.80186  3.74155  3.01476  2.87941  1.51836  4.81211  3.62355    130 v - - -
          2.68618  4.42225  2.77519  2.73123  3.46354  2.40513  3.72494  3.29354  2.67741  2.69355  4.24690  2.90347  2.73739  3.18146  2.89801  2.37887  2.77519  2.98518  4.58477  3.61503
          0.01876  4.38116  5.10351  0.61958  0.77255  0.48576  0.95510
    111   2.99997  4.46954  4.85237  4.27193  3.30175  4.35798  4.70400  1.97812  4.13209  1.14443  2.29954  4.42913  4.63658  4.26525  4.22931  3.68317  3.09584  1.95928  5.14467  4.02703    131 l - - -
          2.68618  4.42225  2.77519  2.73123  3.46354  2.40513  3.72494  3.29354  2.67741  2.69355  4.24690  2.90347  2.73739  3.18146  2.89801  2.37887  2.77519  2.98518  4.58477  3.61503
          0.01876  4.38116  5.10351  0.61958  0.77255  0.48576  0.95510
    112   1.18221  4.09161  3.93163  3.54131  4.55357  2.53493  4.51046  3.97808  3.51772  3.65771  4.46150  3.59577  3.89229  3.78691  3.81915  1.42123  2.77756  3.38849  5.89483  4.70884    132 a - - -
          2.68618  4.42225  2.77519  2.73123  3.46354  2.40513  3.72494  3.29354  2.67741  2.69355  4.24690  2.90347  2.73739  3.18146  2.89801  2.37887  2.77519  2.98518  4.58477  3.61503
          0.01876  4.38116  5.10351  0.61958  0.77255  0.48576  0.95510
    113   2.76728  4.24119  4.63668  4.04785  3.17980  4.06614  4.41156  1.77302  3.89142  1.62439  2.40942  4.15439  4.40141  4.05547  3.98149  3.18596  3.05047  1.80384  4.93337  3.76642    133 l - - -
          2.68618  4.42225  2.77519  2.73123  3.46354  2.40513  3.72494  3.29354  2.67741  2.69355  4.24690  2.90347  2.73739  3.18146  2.89801  2.37887  2.77519  2.98518  4.58477  3.61503
          0.01876  4.38116  5.10351  0.61958  0.77255  0.48576  0.95510
    114   3.57032  5.20906  4.23447  4.16535  5.07085  3.86960  5.17167  4.78601  4.27392  4.33857  5.42844  4.40875  0.26256  4.64387  4.43396  3.75972  4.05481  4.36522  6.08206  5.20698    134 P - - -
          2.68618  4.42225  2.77519  2.73123  3.46354  2.40513  3.72494  3.29354  2.67741  2.69355  4.24690  2.90347  2.73739  3.18146  2.89801  2.37887  2.77519  2.98518  4.58477  3.61503
          0.01876  4.38116  5.10351  0.61958  0.77255  0.48576  0.95510
    115   3.36130  4.60091  5.30139  4.78208  3.68934  4.84373  5.37460  1.08231  4.68579  1.84699  3.26834  4.95356  5.06406  4.86165  4.81292  4.23057  3.60725  1.28731  5.71815  4.56809    135 i - - -
          2.68618  4.42225  2.77519  2.73123  3.46354  2.40513  3.72494  3.29354  2.67741  2.69355  4.24690  2.90347  2.73739  3.18146  2.89801  2.37887  2.77519  2.98518  4.58477  3.61503
          0.01876  4.38116  5.10351  0.61958  0.77255  0.48576  0.95510
    116   3.28618  4.60037  5.10982  4.51909  2.61335  4.53833  4.84189  1.68819  4.36603  1.02292  2.75912  4.64764  4.75852  4.40808  4.39646  3.87362  3.50566  2.27937  5.14382  3.83292    136 l - - -
          2.68618  4.42225  2.77519  2.73123  3.46354  2.40513  3.72494  3.29354  2.67741  2.69355  4.24690  2.90347  2.73739  3.18146  2.89801  2.37887  2.77519  2.98518  4.58477  3.61503
          0.01876  4.38116  5.10351  0.61958  0.77255  0.48576  0.95510
    117   2.54178  4.32747  3.60985  2.87637  3.39332  3.49592  3.86007  2.65295  2.86526  2.01545  2.63890  3.42320  4.03037  3.05662  3.31777  2.61615  2.48418  2.46347  4.91550  3.68976    137 l - - -
          2.68618  4.42225  2.77519  2.73123  3.46354  2.40513  3.72494  3.29354  2.67741  2.69355  4.24690  2.90347  2.73739  3.18146  2.89801  2.37887  2.77519  2.98518  4.58477  3.61503
          0.01876  4.38116  5.10351  0.61958  0.77255  0.48576  0.95510
    118   1.77413  4.55647  3.02749  2.59428  3.93984  3.31389  3.66176  3.21041  2.58094  2.95247  3.73866  2.96203  3.90963  2.80881  2.97565  2.40224  2.73687  2.80450  5.26225  3.95701    138 a - - -
          2.68618  4.42225  2.77519  2.73123  3.46354  2.40513  3.72494  3.29354  2.67741  2.69355  4.24690  2.90347  2.73739  3.18146  2.89801  2.37887  2.77519  2.98518  4.58477  3.61503
          0.01876  4.38116  5.10351  0.61958  0.77255  0.48576  0.95510
    119   3.38469  4.65185  5.26181  4.70507  3.18134  4.75791  5.15371  1.57231  4.58360  1.11641  3.15333  4.86673  4.95479  4.66076  4.65007  4.12054  3.61512  1.58843  5.43318  4.34568    139 l - - -
          2.68618  4.42225  2.77519  2.73123  3.46354  2.40513  3.72494  3.29354  2.67741  2.69355  4.24690  2.90347  2.73739  3.18146  2.89801  2.37887  2.77519  2.98518  4.58477  3.61503
          0.01876  4.38116  5.10351  0.61958  0.77255  0.48576  0.95510
    120   2.94272  4.48206  4.97032  4.38394  2.86828  4.40116  4.74057  1.70703  4.23311  1.16300  2.64262  4.50539  4.66516  4.32808  4.29053  3.73089  3.33154  2.05448  5.12584  4.01983    140 l - - -
          2.68618  4.42225  2.77519  2.73123  3.46354  2.40513  3.72494  3.29354  2.67741  2.69355  4.24690  2.90347  2.73739  3.18146  2.89801  2.37887  2.77519  2.98518  4.58477  3.61503
          0.01876  4.38116  5.10351  0.61958  0.77255  0.48576  0.95510
    121   2.87346  5.42659  1.86212  1.54849  4.74417  3.08858  3.77160  4.24546  2.56789  3.61951  4.49228  2.59037  3.92669  2.53921  3.14781  2.73650  3.07416  3.80573  5.85943  4.40732    141 e - - -
          2.68618  4.42225  2.77519  2.73123  3.46354  2.40513  3.72494  3.29354  2.67741  2.69355  4.24690  2.90347  2.73739  3.18146  2.89801  2.37887  2.77519  2.98518  4.58477  3.61503
          0.01876  4.38116  5.10351  0.61958  0.77255  0.48576  0.95510
    122   2.42951  4.32041  3.66634  3.10008  3.47576  3.56243  3.95801  2.67337  3.04038  2.19451  3.27373  3.46577  4.04760  3.33144  3.36399  2.40745  1.89546  2.37744  4.94311  3.72047    142 t - - -
          2.68618  4.42225  2.77519  2.73123  3.46354  2.40513  3.72494  3.29354  2.67741  2.69355  4.24690  2.90347  2.73739  3.18146  2.89801  2.37887  2.77519  2.98518  4.58477  3.61503
          0.01876  4.38116  5.10351  0.61958  0.77255  0.48576  0.95510
    123   2.92830  4.52439  5.10280  4.56830  3.66676  4.65063  5.14007  1.01695  4.46128  1.92662  3.28351  4.73882  4.91605  4.66011  4.60257  4.01457  3.49224  1.50533  5.58226  4.41425    143 i - - -
          2.68618  4.42225  2.77519  2.73123  3.46354  2.40513  3.72494  3.29354  2.67741  2.69355  4.24690  2.90347  2.73739  3.18146  2.89801  2.37887  2.77519  2.98518  4.58477  3.61503
          0.01876  4.38116  5.10351  0.61958  0.77255  0.48576  0.95510
    124   2.65687  4.54312  3.18479  2.66612  3.70851  3.32504  3.74889  2.76506  2.58527  2.17573  3.30951  3.21573  3.95810  2.84560  2.84620  2.62063  2.59844  2.45795  5.10101  3.83457    144 l - - -
          2.68618  4.42225  2.77519  2.73123  3.46354  2.40513  3.72494  3.29354  2.67741  2.69355  4.24690  2.90347  2.73739  3.18146  2.89801  2.37887  2.77519  2.98518  4.58477  3.61503
          0.01876  4.38116  5.10351  0.61958  0.77255  0.48576  0.95510
    125   2.62300  5.16101  2.72618  2.14365  4.49617  2.75954  3.63521  3.97508  2.08920  3.46144  4.20537  2.72887  3.83950  2.57977  2.55955  2.32343  2.79568  3.45660  5.59872  4.19365    145 k - - -
          2.68618  4.42225  2.77519  2.73123  3.46354  2.40513  3.72494  3.29354  2.67741  2.69355  4.24690  2.90347  2.73739  3.18146  2.89801  2.37887  2.77519  2.98518  4.58477  3.61503
          0.01876  4.38116  5.10351  0.61958  0.77255  0.48576  0.95510
    126   3.13722  4.22350  4.95798  4.36449  1.96031  4.35683  4.65404  1.87105  4.20107  1.20674  2.84717  4.46554  4.62182  4.27696  4.23957  3.68266  3.36063  2.36787  5.01942  3.76651    146 l - - -
          2.68618  4.42225  2.77519  2.73123  3.46354  2.40513  3.72494  3.29354  2.67741  2.69355  4.24690  2.90347  2.73739  3.18146  2.89801  2.37887  2.77519  2.98518  4.58477  3.61503
          0.02392  4.38116  4.49818  0.61958  0.77255  0.48576  0.95510
    127   2.98481  4.41946  4.83195  4.24590  3.16646  4.10144  4.63097  1.79071  4.09700  1.23061  2.27150  4.37848  4.58106  4.22298  4.17796  3.61558  3.29643  2.07419  5.07170  3.94685    147 l - - -
          2.68618  4.42225  2.77519  2.73123  3.46354  2.40513  3.72494  3.29354  2.67741  2.69355  4.24690  2.90347  2.73739  3.18146  2.89801  2.37887  2.77519  2.98518  4.58477  3.61503
          0.12741  4.37609  2.23447  0.61958  0.77255  0.49341  0.94300
    128   2.54388  4.78030  3.06462  2.45771  4.01243  2.88482  3.68443  3.26814  2.45883  2.99571  3.86239  3.02145  2.42586  2.71287  2.79396  2.62712  2.68972  2.83959  5.29817  3.97640    148 p - - -
          2.68604  4.42233  2.77528  2.73130  3.46362  2.40501  3.72503  3.29362  2.67745  2.69359  4.24671  2.90344  2.73744  3.18147  2.89802  2.37876  2.77517  2.98522  4.58485  3.61511
          0.29275  1.37124        *  0.60476  0.79011  0.00000        *
//
