HMMER3/f [3.1b1 | May 2013]
NAME  NOG.ENOG4111UDG.meta_raw
LENG  172
ALPH  amino
RF    no
MM    no
CONS  yes
CS    no
MAP   yes
DATE  Sat Apr 18 02:38:16 2015
NSEQ  98
EFFN  2.557068
CKSUM 859918859
STATS LOCAL MSV      -10.3475  0.70733
STATS LOCAL VITERBI  -10.6941  0.70733
STATS LOCAL FORWARD   -4.6488  0.70733
HMM          A        C        D        E        F        G        H        I        K        L        M        N        P        Q        R        S        T        V        W        Y   
            m->m     m->i     m->d     i->m     i->i     d->m     d->d
  COMPO   2.49369  4.50144  3.22046  2.59294  3.36652  2.87906  3.88399  2.71615  2.63485  2.11984  3.43786  3.22277  3.80075  2.97348  2.93965  2.72314  2.88991  2.72758  4.63344  3.58626
          2.68598  4.42255  2.77541  2.73114  3.46366  2.40539  3.72525  3.29369  2.67752  2.69377  4.23910  2.90367  2.73764  3.18146  2.89785  2.37896  2.77541  2.98513  4.58507  3.61533
          0.59870  1.20843  1.88512  1.06608  0.42214  0.00000        *
      1   2.42718  4.16727  4.49810  3.68756  3.07042  3.89973  4.21972  2.45329  3.72791  2.03760  1.61766  3.98598  4.26437  3.89916  3.81351  3.20108  2.89684  2.36161  3.44462  3.14927     13 m - - -
          2.68618  4.42225  2.77519  2.73123  3.46354  2.40513  3.72494  3.29354  2.67741  2.69355  4.24690  2.90347  2.73739  3.18146  2.89801  2.37887  2.77519  2.98518  4.58477  3.61503
          0.01439  4.64425  5.36659  0.61958  0.77255  0.33766  1.24981
      2   3.44469  4.75745  5.38108  4.77633  2.61142  4.68478  4.99656  2.15631  4.59398  0.99099  2.01109  4.84010  4.92197  4.61465  4.57893  4.01900  3.66416  2.11027  5.29364  3.86625     14 l - - -
          2.68618  4.42225  2.77519  2.73123  3.46354  2.40513  3.72494  3.29354  2.67741  2.69355  4.24690  2.90347  2.73739  3.18146  2.89801  2.37887  2.77519  2.98518  4.58477  3.61503
          0.01225  4.80422  5.52656  0.61958  0.77255  0.48576  0.95510
      3   3.21145  5.47984  3.59497  2.94326  4.88817  3.59299  3.92247  3.73502  0.83149  3.51542  4.54397  3.16623  4.27808  2.94019  2.26224  3.19353  3.39870  3.91371  5.80490  4.55960     15 k - - -
          2.68618  4.42225  2.77519  2.73123  3.46354  2.40513  3.72494  3.29354  2.67741  2.69355  4.24690  2.90347  2.73739  3.18146  2.89801  2.37887  2.77519  2.98518  4.58477  3.61503
          0.01225  4.80422  5.52656  0.61958  0.77255  0.48576  0.95510
      4   3.07042  4.42840  4.99405  4.38497  3.06632  4.26035  4.58533  1.77081  4.18753  1.26463  2.76982  4.40961  4.58314  4.28901  4.20005  3.57763  3.08446  2.34591  2.52757  3.87710     16 l - - -
          2.68618  4.42225  2.77519  2.73123  3.46354  2.40513  3.72494  3.29354  2.67741  2.69355  4.24690  2.90347  2.73739  3.18146  2.89801  2.37887  2.77519  2.98518  4.58477  3.61503
          0.01225  4.80422  5.52656  0.61958  0.77255  0.48576  0.95510
      5   2.58664  4.27413  4.78253  4.17917  2.87258  3.90981  4.41944  1.75868  3.98937  1.58570  3.18591  4.21241  4.43590  4.13850  4.03271  3.39108  2.47861  1.87692  4.93139  3.75442     17 l - - -
          2.68618  4.42225  2.77519  2.73123  3.46354  2.40513  3.72494  3.29354  2.67741  2.69355  4.24690  2.90347  2.73739  3.18146  2.89801  2.37887  2.77519  2.98518  4.58477  3.61503
          0.01225  4.80422  5.52656  0.61958  0.77255  0.48576  0.95510
      6   2.54155  4.10648  4.14020  3.63301  3.71746  0.86143  4.46110  3.03389  3.55369  2.67740  3.95306  3.85299  4.27375  3.84036  3.84140  3.06097  3.16901  2.92603  5.45911  4.23380     18 g - - -
          2.68618  4.42225  2.77519  2.73123  3.46354  2.40513  3.72494  3.29354  2.67741  2.69355  4.24690  2.90347  2.73739  3.18146  2.89801  2.37887  2.77519  2.98518  4.58477  3.61503
          0.01225  4.80422  5.52656  0.61958  0.77255  0.48576  0.95510
      7   1.49396  3.09831  4.16136  3.57973  3.25979  3.39495  4.19248  2.60769  3.47765  2.47631  2.96645  3.83089  4.26613  3.71584  3.69553  2.22042  3.04543  2.48751  4.93529  3.56098     19 a - - -
          2.68618  4.42225  2.77519  2.73123  3.46354  2.40513  3.72494  3.29354  2.67741  2.69355  4.24690  2.90347  2.73739  3.18146  2.89801  2.37887  2.77519  2.98518  4.58477  3.61503
          0.01225  4.80422  5.52656  0.61958  0.77255  0.48576  0.95510
      8   1.93307  3.50680  4.73675  4.13127  3.15252  3.54720  4.36637  2.03442  3.93950  1.79327  3.11775  4.16246  4.39128  4.08981  3.98264  3.33987  3.09151  1.72033  4.88492  3.70627     20 v - - -
          2.68618  4.42225  2.77519  2.73123  3.46354  2.40513  3.72494  3.29354  2.67741  2.69355  4.24690  2.90347  2.73739  3.18146  2.89801  2.37887  2.77519  2.98518  4.58477  3.61503
          0.01225  4.80422  5.52656  0.61958  0.77255  0.48576  0.95510
      9   2.85386  3.90426  4.84604  4.24193  3.04897  3.85660  4.47615  2.12229  4.05121  1.02879  2.99200  4.27494  4.48527  4.18845  4.08785  3.45173  3.10705  2.18564  4.96773  3.80076     21 l - - -
          2.68618  4.42225  2.77519  2.73123  3.46354  2.40513  3.72494  3.29354  2.67741  2.69355  4.24690  2.90347  2.73739  3.18146  2.89801  2.37887  2.77519  2.98518  4.58477  3.61503
          0.01225  4.80422  5.52656  0.61958  0.77255  0.48576  0.95510
     10   3.22689  4.63057  5.32163  4.77521  3.66609  4.73058  5.20099  1.13892  4.64337  2.12710  3.52680  4.86501  5.02550  4.82787  4.73399  4.08591  2.79890  1.22020  5.65100  4.46318     22 i - - -
          2.68618  4.42225  2.77519  2.73123  3.46354  2.40513  3.72494  3.29354  2.67741  2.69355  4.24690  2.90347  2.73739  3.18146  2.89801  2.37887  2.77519  2.98518  4.58477  3.61503
          0.01225  4.80422  5.52656  0.61958  0.77255  0.48576  0.95510
     11   3.61797  4.87153  5.61645  5.05447  2.59988  4.99914  5.39418  1.31865  4.91325  1.22744  3.42004  5.15607  5.19515  4.95329  4.92762  4.36609  3.84735  1.63227  5.63471  4.54590     23 l - - -
          2.68618  4.42225  2.77519  2.73123  3.46354  2.40513  3.72494  3.29354  2.67741  2.69355  4.24690  2.90347  2.73739  3.18146  2.89801  2.37887  2.77519  2.98518  4.58477  3.61503
          0.01225  4.80422  5.52656  0.61958  0.77255  0.48576  0.95510
     12   2.20581  3.69315  4.64431  4.03820  2.40303  2.94619  4.29741  2.10596  3.85241  1.79740  3.09562  4.08732  4.33554  4.00914  3.90868  3.03551  2.64490  2.24258  4.83356  3.65424     24 l - - -
          2.68618  4.42225  2.77519  2.73123  3.46354  2.40513  3.72494  3.29354  2.67741  2.69355  4.24690  2.90347  2.73739  3.18146  2.89801  2.37887  2.77519  2.98518  4.58477  3.61503
          0.01225  4.80422  5.52656  0.61958  0.77255  0.48576  0.95510
     13   1.52338  3.97457  3.75266  3.19946  3.69538  3.15211  4.13994  2.98121  3.15590  2.82330  3.78309  3.57071  4.16759  3.45740  3.51138  1.71052  2.66810  2.78437  5.25880  4.02485     25 a - - -
          2.68618  4.42225  2.77519  2.73123  3.46354  2.40513  3.72494  3.29354  2.67741  2.69355  4.24690  2.90347  2.73739  3.18146  2.89801  2.37887  2.77519  2.98518  4.58477  3.61503
          0.01225  4.80422  5.52656  0.61958  0.77255  0.48576  0.95510
     14   1.92137  2.32926  3.96938  3.46336  4.28679  2.31937  4.43073  3.67756  3.42301  3.19203  4.22153  3.71291  3.82956  3.71637  3.76968  1.71997  1.93753  3.30459  5.68068  4.45680     26 s - - -
          2.68618  4.42225  2.77519  2.73123  3.46354  2.40513  3.72494  3.29354  2.67741  2.69355  4.24690  2.90347  2.73739  3.18146  2.89801  2.37887  2.77519  2.98518  4.58477  3.61503
          0.01225  4.80422  5.52656  0.61958  0.77255  0.48576  0.95510
     15   2.42182  4.72843  3.69517  3.18507  4.39389  2.00372  4.27209  3.79451  3.16572  3.28903  3.91888  3.54162  4.13212  3.48800  3.56553  1.73254  1.49390  3.40271  5.72978  4.46612     27 t - - -
          2.68618  4.42225  2.77519  2.73123  3.46354  2.40513  3.72494  3.29354  2.67741  2.69355  4.24690  2.90347  2.73739  3.18146  2.89801  2.37887  2.77519  2.98518  4.58477  3.61503
          0.01225  4.80422  5.52656  0.61958  0.77255  0.48576  0.95510
     16   2.15207  3.74962  4.55910  3.95769  3.12896  2.59395  4.27878  2.57086  3.78823  1.79469  2.73421  4.04490  4.32336  3.95984  3.87315  2.79051  2.97327  2.40757  3.03845  3.05804     28 l - - -
          2.68618  4.42225  2.77519  2.73123  3.46354  2.40513  3.72494  3.29354  2.67741  2.69355  4.24690  2.90347  2.73739  3.18146  2.89801  2.37887  2.77519  2.98518  4.58477  3.61503
          0.01225  4.80422  5.52656  0.61958  0.77255  0.48576  0.95510
     17   2.31750  3.78802  4.75090  4.13757  2.73267  3.87851  4.31406  1.84360  3.92875  1.62365  2.93229  4.13503  4.34578  4.06527  3.94696  3.15861  2.87210  2.25275  3.71970  3.41401     29 l - - -
          2.68618  4.42225  2.77519  2.73123  3.46354  2.40513  3.72494  3.29354  2.67741  2.69355  4.24690  2.90347  2.73739  3.18146  2.89801  2.37887  2.77519  2.98518  4.58477  3.61503
          0.01225  4.80422  5.52656  0.61958  0.77255  0.48576  0.95510
     18   4.16086  5.75381  4.99610  5.02935  5.99252  0.10659  5.98805  5.90724  5.31516  5.38700  6.43072  5.16437  5.15125  5.56953  5.36575  4.36975  4.69914  5.26616  6.76109  6.15256     30 G - - -
          2.68618  4.42225  2.77519  2.73123  3.46354  2.40513  3.72494  3.29354  2.67741  2.69355  4.24690  2.90347  2.73739  3.18146  2.89801  2.37887  2.77519  2.98518  4.58477  3.61503
          0.01225  4.80422  5.52656  0.61958  0.77255  0.48576  0.95510
     19   2.83904  4.22895  4.68839  4.08387  1.56073  3.99354  4.29450  2.19644  3.89201  2.07253  3.08219  3.49486  4.35690  3.73930  3.93703  3.30066  3.07098  2.38881  3.25431  2.89155     31 f - - -
          2.68618  4.42225  2.77519  2.73123  3.46354  2.40513  3.72494  3.29354  2.67741  2.69355  4.24690  2.90347  2.73739  3.18146  2.89801  2.37887  2.77519  2.98518  4.58477  3.61503
          0.01225  4.80422  5.52656  0.61958  0.77255  0.48576  0.95510
     20   2.45526  4.14296  3.79513  2.39994  3.32887  3.81557  3.95430  2.53785  3.16813  2.03622  3.30330  3.40979  4.19283  2.75713  3.26947  2.76473  2.77701  2.68878  3.44352  3.10410     32 l - - -
          2.68618  4.42225  2.77519  2.73123  3.46354  2.40513  3.72494  3.29354  2.67741  2.69355  4.24690  2.90347  2.73739  3.18146  2.89801  2.37887  2.77519  2.98518  4.58477  3.61503
          0.01225  4.80422  5.52656  0.61958  0.77255  0.48576  0.95510
     21   2.51878  4.36737  4.02485  3.44741  2.91092  3.60232  3.80882  2.54994  2.85674  2.21422  2.88003  3.74772  4.24097  2.96346  3.06153  2.66855  2.95902  2.38643  4.10275  2.45153     33 l - - -
          2.68618  4.42225  2.77519  2.73123  3.46354  2.40513  3.72494  3.29354  2.67741  2.69355  4.24690  2.90347  2.73739  3.18146  2.89801  2.37887  2.77519  2.98518  4.58477  3.61503
          0.01225  4.80422  5.52656  0.61958  0.77255  0.48576  0.95510
     22   0.87310  4.78153  3.28695  3.39063  4.92917  2.04277  4.59966  4.38386  3.55599  4.01221  4.80480  3.67042  4.18956  3.81612  3.95082  1.99634  3.23156  3.79668  6.21787  4.96207     34 a - - -
          2.68618  4.42225  2.77519  2.73123  3.46354  2.40513  3.72494  3.29354  2.67741  2.69355  4.24690  2.90347  2.73739  3.18146  2.89801  2.37887  2.77519  2.98518  4.58477  3.61503
          0.01225  4.80422  5.52656  0.61958  0.77255  0.48576  0.95510
     23   2.30586  5.27070  2.94757  2.14127  4.23593  3.37813  3.55172  4.07441  2.17586  3.26384  3.42587  2.58350  3.97219  2.69518  2.23639  2.56349  2.97286  3.65266  4.96902  4.08008     35 e - - -
          2.68618  4.42225  2.77519  2.73123  3.46354  2.40513  3.72494  3.29354  2.67741  2.69355  4.24690  2.90347  2.73739  3.18146  2.89801  2.37887  2.77519  2.98518  4.58477  3.61503
          0.01225  4.80422  5.52656  0.61958  0.77255  0.48576  0.95510
     24   2.67346  5.30195  2.84372  2.30759  4.64382  2.98126  3.21902  3.84225  2.20964  3.53016  4.15435  2.72456  3.83184  2.25807  2.16795  2.64818  2.73551  3.56884  5.73652  3.98964     36 r - - -
          2.68618  4.42225  2.77519  2.73123  3.46354  2.40513  3.72494  3.29354  2.67741  2.69355  4.24690  2.90347  2.73739  3.18146  2.89801  2.37887  2.77519  2.98518  4.58477  3.61503
          0.01225  4.80422  5.52656  0.61958  0.77255  0.48576  0.95510
     25   2.86240  3.68505  4.72393  3.49809  2.20214  4.01592  4.28928  2.40859  3.92645  1.75554  3.35898  4.13765  4.37806  4.06686  3.96336  3.32453  3.09418  2.49510  3.22676  1.89065     37 l - - -
          2.68618  4.42225  2.77519  2.73123  3.46354  2.40513  3.72494  3.29354  2.67741  2.69355  4.24690  2.90347  2.73739  3.18146  2.89801  2.37887  2.77519  2.98518  4.58477  3.61503
          0.01225  4.80422  5.52656  0.61958  0.77255  0.48576  0.95510
     26   2.19371  5.23264  2.96827  2.52513  4.54654  3.37461  3.54030  3.36260  1.85136  3.16531  4.28173  2.81764  3.97936  2.85030  2.36166  2.41855  2.73881  3.60644  5.68426  4.17285     38 k - - -
          2.68618  4.42225  2.77519  2.73123  3.46354  2.40513  3.72494  3.29354  2.67741  2.69355  4.24690  2.90347  2.73739  3.18146  2.89801  2.37887  2.77519  2.98518  4.58477  3.61503
          0.01225  4.80422  5.52656  0.61958  0.77255  0.48576  0.95510
     27   2.62091  4.60319  2.86812  1.98240  4.62477  3.12001  3.76420  3.93768  1.87840  3.39650  3.56414  2.84266  3.96960  2.56259  2.34147  2.76574  2.99515  3.67442  5.72645  3.94308     39 k - - -
          2.68618  4.42225  2.77519  2.73123  3.46354  2.40513  3.72494  3.29354  2.67741  2.69355  4.24690  2.90347  2.73739  3.18146  2.89801  2.37887  2.77519  2.98518  4.58477  3.61503
          0.01225  4.80422  5.52656  0.61958  0.77255  0.48576  0.95510
     28   3.91412  5.81459  4.45246  3.70939  5.09152  4.35699  3.64511  4.79482  2.42231  4.13344  5.07592  4.00227  4.74827  3.43027  0.41876  3.91983  4.06006  4.49612  5.93950  4.76602     40 R - - -
          2.68618  4.42225  2.77519  2.73123  3.46354  2.40513  3.72494  3.29354  2.67741  2.69355  4.24690  2.90347  2.73739  3.18146  2.89801  2.37887  2.77519  2.98518  4.58477  3.61503
          0.01225  4.80422  5.52656  0.61958  0.77255  0.48576  0.95510
     29   2.81182  4.37491  4.00920  3.43225  3.31686  3.86538  4.14749  2.69818  3.34947  2.16823  3.16143  3.73837  1.79332  3.48722  3.08916  2.97020  2.64847  2.09754  4.97667  3.62612     41 p - - -
          2.68618  4.42225  2.77519  2.73123  3.46354  2.40513  3.72494  3.29354  2.67741  2.69355  4.24690  2.90347  2.73739  3.18146  2.89801  2.37887  2.77519  2.98518  4.58477  3.61503
          0.01225  4.80422  5.52656  0.61958  0.77255  0.48576  0.95510
     30   2.70168  5.20892  3.01544  2.30322  4.13988  3.03863  3.67587  3.64721  1.80495  3.21646  4.26040  3.07581  3.98313  2.78474  1.99214  2.69283  2.97076  3.40191  4.44500  4.03779     42 k - - -
          2.68618  4.42225  2.77519  2.73123  3.46354  2.40513  3.72494  3.29354  2.67741  2.69355  4.24690  2.90347  2.73739  3.18146  2.89801  2.37887  2.77519  2.98518  4.58477  3.61503
          0.01225  4.80422  5.52656  0.61958  0.77255  0.48576  0.95510
     31   2.74341  5.16538  2.89008  1.99160  4.45460  3.59854  3.46135  3.55793  2.55357  3.04679  3.55164  3.02165  3.99049  1.66762  3.03453  2.79312  2.76941  3.33960  4.89328  4.25856     43 q - - -
          2.68618  4.42225  2.77519  2.73123  3.46354  2.40513  3.72494  3.29354  2.67741  2.69355  4.24690  2.90347  2.73739  3.18146  2.89801  2.37887  2.77519  2.98518  4.58477  3.61503
          0.01225  4.80422  5.52656  0.61958  0.77255  0.48576  0.95510
     32   3.51976  4.83594  5.34147  4.78348  3.57343  4.10268  5.18910  1.75040  4.61706  0.69818  3.39549  4.91854  5.04773  4.72861  4.68258  4.14798  3.75744  2.32614  5.53062  4.42869     44 l - - -
          2.68618  4.42225  2.77519  2.73123  3.46354  2.40513  3.72494  3.29354  2.67741  2.69355  4.24690  2.90347  2.73739  3.18146  2.89801  2.37887  2.77519  2.98518  4.58477  3.61503
          0.01225  4.80422  5.52656  0.61958  0.77255  0.48576  0.95510
     33   2.74130  5.31370  2.95268  2.15606  4.65544  3.46520  3.78232  3.85301  2.07886  3.48032  4.35833  2.89164  3.99808  2.82493  1.49505  2.74261  3.06609  3.70322  5.74165  4.34803     45 r - - -
          2.68618  4.42225  2.77519  2.73123  3.46354  2.40513  3.72494  3.29354  2.67741  2.69355  4.24690  2.90347  2.73739  3.18146  2.89801  2.37887  2.77519  2.98518  4.58477  3.61503
          0.01225  4.80422  5.52656  0.61958  0.77255  0.48576  0.95510
     34   2.43220  5.28983  2.91157  1.77057  4.62650  3.30662  3.50864  3.74673  2.37818  3.44205  4.33272  3.00702  3.96939  2.22185  2.83234  2.34479  2.71813  3.59336  5.72753  4.10789     46 e - - -
          2.68618  4.42225  2.77519  2.73123  3.46354  2.40513  3.72494  3.29354  2.67741  2.69355  4.24690  2.90347  2.73739  3.18146  2.89801  2.37887  2.77519  2.98518  4.58477  3.61503
          0.01225  4.80422  5.52656  0.61958  0.77255  0.48576  0.95510
     35   3.02313  3.87419  5.16218  4.56158  2.97221  4.45708  4.79500  1.99542  4.37650  0.90049  2.71122  4.60639  4.75131  4.46226  4.38968  3.78321  3.45822  2.27803  5.19018  4.06664     47 l - - -
          2.68618  4.42225  2.77519  2.73123  3.46354  2.40513  3.72494  3.29354  2.67741  2.69355  4.24690  2.90347  2.73739  3.18146  2.89801  2.37887  2.77519  2.98518  4.58477  3.61503
          0.01225  4.80422  5.52656  0.61958  0.77255  0.48576  0.95510
     36   2.72074  5.08936  3.15864  2.35591  3.94944  3.61834  3.58284  2.61956  2.15595  2.59162  3.92404  3.05800  4.00890  2.25080  2.29253  2.75888  3.03632  3.43561  5.57313  4.21952     48 k - - -
          2.68618  4.42225  2.77519  2.73123  3.46354  2.40513  3.72494  3.29354  2.67741  2.69355  4.24690  2.90347  2.73739  3.18146  2.89801  2.37887  2.77519  2.98518  4.58477  3.61503
          0.01225  4.80422  5.52656  0.61958  0.77255  0.48576  0.95510
     37   2.46440  5.08742  3.15198  2.59476  3.90244  3.10283  3.61374  3.53092  2.35272  2.82811  3.75003  2.62453  4.00502  2.50723  2.54472  2.28009  2.75334  2.86440  5.57234  4.21691     49 s - - -
          2.68618  4.42225  2.77519  2.73123  3.46354  2.40513  3.72494  3.29354  2.67741  2.69355  4.24690  2.90347  2.73739  3.18146  2.89801  2.37887  2.77519  2.98518  4.58477  3.61503
          0.01225  4.80422  5.52656  0.61958  0.77255  0.48576  0.95510
     38   1.54023  3.42754  4.01676  3.44070  3.49284  2.82238  4.15317  2.72850  3.35819  2.22121  2.82450  3.60124  4.23886  3.61775  3.62049  2.59376  2.89757  2.63691  4.98054  3.65160     50 a - - -
          2.68618  4.42225  2.77519  2.73123  3.46354  2.40513  3.72494  3.29354  2.67741  2.69355  4.24690  2.90347  2.73739  3.18146  2.89801  2.37887  2.77519  2.98518  4.58477  3.61503
          0.01225  4.80422  5.52656  0.61958  0.77255  0.48576  0.95510
     39   3.03432  4.58952  5.12724  4.52553  2.88922  4.45734  4.78286  1.89423  4.34642  0.90510  2.71278  4.59154  4.11739  4.43122  4.36984  3.78031  3.47110  2.43665  5.17978  4.06353     51 l - - -
          2.68618  4.42225  2.77519  2.73123  3.46354  2.40513  3.72494  3.29354  2.67741  2.69355  4.24690  2.90347  2.73739  3.18146  2.89801  2.37887  2.77519  2.98518  4.58477  3.61503
          0.01225  4.80422  5.52656  0.61958  0.77255  0.48576  0.95510
     40   2.55565  5.09834  3.14699  2.49872  3.99245  3.61244  3.80998  3.23829  2.48632  3.26032  4.16058  2.40880  4.00351  1.80689  2.83482  2.68133  2.90600  3.33558  5.58081  2.92860     52 q - - -
          2.68618  4.42225  2.77519  2.73123  3.46354  2.40513  3.72494  3.29354  2.67741  2.69355  4.24690  2.90347  2.73739  3.18146  2.89801  2.37887  2.77519  2.98518  4.58477  3.61503
          0.01225  4.80422  5.52656  0.61958  0.77255  0.48576  0.95510
     41   2.46517  4.36542  3.83403  3.12892  2.79215  3.86898  4.15294  2.33461  3.36826  1.87711  2.57096  3.75133  4.24216  3.13015  2.93844  2.55398  3.04278  2.42964  4.96798  3.76321     53 l - - -
          2.68618  4.42225  2.77519  2.73123  3.46354  2.40513  3.72494  3.29354  2.67741  2.69355  4.24690  2.90347  2.73739  3.18146  2.89801  2.37887  2.77519  2.98518  4.58477  3.61503
          0.01225  4.80422  5.52656  0.61958  0.77255  0.48576  0.95510
     42   3.98064  5.21572  5.82970  5.24501  2.60746  5.31284  5.55041  2.48338  5.10243  0.46916  3.03638  5.43803  5.36472  4.99073  5.06564  4.68855  3.80269  2.90886  5.59723  4.58798     54 L - - -
          2.68618  4.42225  2.77519  2.73123  3.46354  2.40513  3.72494  3.29354  2.67741  2.69355  4.24690  2.90347  2.73739  3.18146  2.89801  2.37887  2.77519  2.98518  4.58477  3.61503
          0.01225  4.80422  5.52656  0.61958  0.77255  0.48576  0.95510
     43   2.70345  5.31160  2.71315  1.58245  4.65463  3.44741  3.76587  3.90323  1.93272  3.61536  4.35332  2.96605  3.97217  2.39575  2.76376  2.76954  2.89677  3.56089  5.74467  4.33557     55 e - - -
          2.68618  4.42225  2.77519  2.73123  3.46354  2.40513  3.72494  3.29354  2.67741  2.69355  4.24690  2.90347  2.73739  3.18146  2.89801  2.37887  2.77519  2.98518  4.58477  3.61503
          0.01225  4.80422  5.52656  0.61958  0.77255  0.48576  0.95510
     44   2.21926  5.01601  3.21453  2.66562  4.32488  2.65538  3.86787  3.50660  2.57945  3.27125  4.14555  2.30782  4.02738  3.01243  3.12668  2.47611  1.81507  3.34153  5.57240  4.23246     56 t - - -
          2.68618  4.42225  2.77519  2.73123  3.46354  2.40513  3.72494  3.29354  2.67741  2.69355  4.24690  2.90347  2.73739  3.18146  2.89801  2.37887  2.77519  2.98518  4.58477  3.61503
          0.01225  4.80422  5.52656  0.61958  0.77255  0.48576  0.95510
     45   3.37488  5.97069  2.19856  0.65247  5.19704  3.68267  4.19039  4.77495  3.18336  4.25474  5.09320  3.13600  4.28772  3.35145  3.77168  3.25819  3.65500  4.34100  6.37822  3.85500     57 E - - -
          2.68618  4.42225  2.77519  2.73123  3.46354  2.40513  3.72494  3.29354  2.67741  2.69355  4.24690  2.90347  2.73739  3.18146  2.89801  2.37887  2.77519  2.98518  4.58477  3.61503
          0.01225  4.80422  5.52656  0.61958  0.77255  0.48576  0.95510
     46   3.70207  4.91260  5.73085  5.23761  3.99041  5.25172  5.87105  0.59838  5.14796  2.36627  2.96434  5.40301  5.44475  5.31515  5.26488  4.67092  3.95355  1.74070  6.11980  4.97989     58 I - - -
          2.68618  4.42225  2.77519  2.73123  3.46354  2.40513  3.72494  3.29354  2.67741  2.69355  4.24690  2.90347  2.73739  3.18146  2.89801  2.37887  2.77519  2.98518  4.58477  3.61503
          0.01225  4.80422  5.52656  0.61958  0.77255  0.48576  0.95510
     47   2.55075  4.63283  3.26660  2.89423  3.63815  3.46986  3.77468  2.74649  2.93877  2.48319  2.77352  3.12706  4.12682  3.15239  2.90560  2.37706  2.32130  2.28158  5.19987  3.94520     59 v - - -
          2.68618  4.42225  2.77519  2.73123  3.46354  2.40513  3.72494  3.29354  2.67741  2.69355  4.24690  2.90347  2.73739  3.18146  2.89801  2.37887  2.77519  2.98518  4.58477  3.61503
          0.01225  4.80422  5.52656  0.61958  0.77255  0.48576  0.95510
     48   4.95467  5.82351  5.72433  5.70162  1.85171  5.37490  3.95185  4.51715  5.46628  3.63253  5.02120  4.87803  5.61775  5.06613  5.23084  4.78606  5.13853  4.47374  3.15327  0.41076     60 Y - - -
          2.68618  4.42225  2.77519  2.73123  3.46354  2.40513  3.72494  3.29354  2.67741  2.69355  4.24690  2.90347  2.73739  3.18146  2.89801  2.37887  2.77519  2.98518  4.58477  3.61503
          0.02598  4.80422  4.04847  0.61958  0.77255  0.48576  0.95510
     49   2.23152  4.92419  3.26716  2.71386  4.18766  1.85536  3.88247  3.59512  2.55536  2.86112  3.89268  3.15717  4.04160  3.04891  3.07645  2.22447  2.44213  3.28098  5.48022  4.16254     61 g - - -
          2.68618  4.42225  2.77519  2.73123  3.46354  2.40513  3.72494  3.29354  2.67741  2.69355  4.24690  2.90347  2.73739  3.18146  2.89801  2.37887  2.77519  2.98518  4.58477  3.61503
          0.01242  4.79066  5.51300  0.61958  0.77255  0.46700  0.98585
     50   2.02206  4.95306  3.23484  2.67634  3.55032  3.64517  2.62785  3.44970  2.58290  2.87943  3.76292  2.90889  4.03417  2.58717  2.68261  2.41500  2.96961  3.04272  5.46547  3.50204     62 a - - -
          2.68618  4.42225  2.77519  2.73123  3.46354  2.40513  3.72494  3.29354  2.67741  2.69355  4.24690  2.90347  2.73739  3.18146  2.89801  2.37887  2.77519  2.98518  4.58477  3.61503
          0.01225  4.80422  5.52656  0.61958  0.77255  0.48576  0.95510
     51   2.39315  4.70389  3.47185  2.91213  3.89716  3.70989  3.97100  3.10933  2.88427  2.89430  3.63804  2.81020  4.10842  3.21289  3.18827  2.54117  1.41674  2.71943  5.28481  4.01688     63 t - - -
          2.68618  4.42225  2.77519  2.73123  3.46354  2.40513  3.72494  3.29354  2.67741  2.69355  4.24690  2.90347  2.73739  3.18146  2.89801  2.37887  2.77519  2.98518  4.58477  3.61503
          0.01225  4.80422  5.52656  0.61958  0.77255  0.48576  0.95510
     52   2.68131  4.73233  3.61394  3.10543  4.14061  3.65069  4.15543  3.51165  3.03074  2.88543  4.05816  3.50362  1.05851  3.30572  3.25583  2.68777  2.92768  2.99442  5.50897  4.25351     64 p - - -
          2.68618  4.42225  2.77519  2.73123  3.46354  2.40513  3.72494  3.29354  2.67741  2.69355  4.24690  2.90347  2.73739  3.18146  2.89801  2.37887  2.77519  2.98518  4.58477  3.61503
          0.01225  4.80422  5.52656  0.61958  0.77255  0.48576  0.95510
     53   4.24344  5.42379  6.07653  5.51713  3.45758  5.65209  5.90019  2.46499  5.32963  0.35804  3.03774  5.79259  5.58519  5.18971  5.27899  5.08888  4.44112  2.92149  5.77813  4.83441     65 L - - -
          2.68618  4.42225  2.77519  2.73123  3.46354  2.40513  3.72494  3.29354  2.67741  2.69355  4.24690  2.90347  2.73739  3.18146  2.89801  2.37887  2.77519  2.98518  4.58477  3.61503
          0.01225  4.80422  5.52656  0.61958  0.77255  0.48576  0.95510
     54   2.28009  5.10057  3.05905  2.53443  4.36789  3.41157  3.35934  3.47278  2.56036  3.37295  4.16601  3.12546  1.63491  2.82126  3.00855  2.55035  3.04129  3.35421  5.58594  4.22935     66 p - - -
          2.68618  4.42225  2.77519  2.73123  3.46354  2.40513  3.72494  3.29354  2.67741  2.69355  4.24690  2.90347  2.73739  3.18146  2.89801  2.37887  2.77519  2.98518  4.58477  3.61503
          0.01225  4.80422  5.52656  0.61958  0.77255  0.48576  0.95510
     55   2.80914  5.36280  2.23967  1.27930  4.69704  3.59380  3.81313  4.17880  2.56462  3.44745  4.41068  3.06191  4.01038  2.70762  2.62192  2.82440  3.02186  3.59045  5.79808  4.38686     67 e - - -
          2.68618  4.42225  2.77519  2.73123  3.46354  2.40513  3.72494  3.29354  2.67741  2.69355  4.24690  2.90347  2.73739  3.18146  2.89801  2.37887  2.77519  2.98518  4.58477  3.61503
          0.01225  4.80422  5.52656  0.61958  0.77255  0.48576  0.95510
     56   0.87341  4.53802  4.24906  3.74205  3.86561  3.83508  4.50750  2.34908  3.64390  2.51717  3.82772  3.95931  4.36594  3.92874  3.90085  2.88997  3.21640  2.67080  5.40180  4.19229     68 a - - -
          2.68618  4.42225  2.77519  2.73123  3.46354  2.40513  3.72494  3.29354  2.67741  2.69355  4.24690  2.90347  2.73739  3.18146  2.89801  2.37887  2.77519  2.98518  4.58477  3.61503
          0.01225  4.80422  5.52656  0.61958  0.77255  0.48576  0.95510
     57   2.54595  3.77389  4.71749  4.10981  1.92625  4.00958  4.34035  2.28787  3.91648  1.42915  3.00011  4.14124  4.37087  4.06324  3.95795  2.97619  2.98874  2.44662  4.85691  3.68094     69 l - - -
          2.68618  4.42225  2.77519  2.73123  3.46354  2.40513  3.72494  3.29354  2.67741  2.69355  4.24690  2.90347  2.73739  3.18146  2.89801  2.37887  2.77519  2.98518  4.58477  3.61503
          0.01225  4.80422  5.52656  0.61958  0.77255  0.48576  0.95510
     58   2.37447  5.24430  3.07487  1.79086  4.56277  3.07545  3.58805  3.86814  2.31197  3.18197  3.61694  3.00720  3.78841  2.61519  2.71322  2.42534  2.83054  3.34912  5.69322  3.98407     70 e - - -
          2.68618  4.42225  2.77519  2.73123  3.46354  2.40513  3.72494  3.29354  2.67741  2.69355  4.24690  2.90347  2.73739  3.18146  2.89801  2.37887  2.77519  2.98518  4.58477  3.61503
          0.01225  4.80422  5.52656  0.61958  0.77255  0.48576  0.95510
     59   2.74398  5.28197  3.06515  2.36750  4.61530  3.58130  3.33939  3.49117  1.99030  3.42642  4.32608  2.39770  3.97415  2.59433  2.05183  2.46026  2.89346  3.50651  5.72084  4.06227     71 k - - -
          2.68618  4.42225  2.77519  2.73123  3.46354  2.40513  3.72494  3.29354  2.67741  2.69355  4.24690  2.90347  2.73739  3.18146  2.89801  2.37887  2.77519  2.98518  4.58477  3.61503
          0.01225  4.80422  5.52656  0.61958  0.77255  0.48576  0.95510
     60   2.78038  4.04517  4.97208  4.38424  3.36468  4.28622  4.66114  1.44716  4.20724  1.97307  3.22937  4.42468  4.62839  4.36558  4.25861  3.60970  2.51126  1.45581  5.15780  3.97573     72 i - - -
          2.68618  4.42225  2.77519  2.73123  3.46354  2.40513  3.72494  3.29354  2.67741  2.69355  4.24690  2.90347  2.73739  3.18146  2.89801  2.37887  2.77519  2.98518  4.58477  3.61503
          0.01225  4.80422  5.52656  0.61958  0.77255  0.48576  0.95510
     61   1.78062  5.03146  3.18989  2.63748  4.28820  2.28232  3.73761  3.70978  2.52758  3.30389  4.11067  3.15857  4.02275  2.83780  3.02032  2.06693  2.91681  3.24833  5.53814  3.73070     73 a - - -
          2.68618  4.42225  2.77519  2.73123  3.46354  2.40513  3.72494  3.29354  2.67741  2.69355  4.24690  2.90347  2.73739  3.18146  2.89801  2.37887  2.77519  2.98518  4.58477  3.61503
          0.01225  4.80422  5.52656  0.61958  0.77255  0.48576  0.95510
     62   2.60345  4.90783  2.89399  2.00587  4.62595  3.22180  3.21977  4.10596  1.95099  3.01360  4.15399  2.86311  3.96925  2.77733  2.47429  2.48159  2.88293  3.41070  5.72711  4.05301     74 k - - -
          2.68618  4.42225  2.77519  2.73123  3.46354  2.40513  3.72494  3.29354  2.67741  2.69355  4.24690  2.90347  2.73739  3.18146  2.89801  2.37887  2.77519  2.98518  4.58477  3.61503
          0.01225  4.80422  5.52656  0.61958  0.77255  0.48576  0.95510
     63   2.70628  4.23701  3.08178  2.52523  4.30889  3.34375  3.77683  4.01399  1.95134  3.28908  4.28370  2.95039  3.65181  2.22274  2.06893  2.38143  2.91099  3.48609  5.68573  4.12120     75 k - - -
          2.68618  4.42225  2.77519  2.73123  3.46354  2.40513  3.72494  3.29354  2.67741  2.69355  4.24690  2.90347  2.73739  3.18146  2.89801  2.37887  2.77519  2.98518  4.58477  3.61503
          0.01225  4.80422  5.52656  0.61958  0.77255  0.48576  0.95510
     64   2.49938  3.28053  3.81011  2.74841  3.37342  3.61199  3.77236  2.69190  3.30401  2.07328  3.06790  3.70311  4.22704  3.57161  3.58386  2.18214  2.46149  2.26092  4.99383  3.54846     76 l - - -
          2.68618  4.42225  2.77519  2.73123  3.46354  2.40513  3.72494  3.29354  2.67741  2.69355  4.24690  2.90347  2.73739  3.18146  2.89801  2.37887  2.77519  2.98518  4.58477  3.61503
          0.01225  4.80422  5.52656  0.61958  0.77255  0.48576  0.95510
     65   2.56789  4.82339  2.41136  2.02886  4.63917  3.27224  3.58864  3.79670  2.16091  3.60202  4.34059  2.82700  2.69257  2.81090  2.76205  2.56987  2.77552  3.34182  5.73415  4.32598     77 e - - -
          2.68618  4.42225  2.77519  2.73123  3.46354  2.40513  3.72494  3.29354  2.67741  2.69355  4.24690  2.90347  2.73739  3.18146  2.89801  2.37887  2.77519  2.98518  4.58477  3.61503
          0.01225  4.80422  5.52656  0.61958  0.77255  0.48576  0.95510
     66   2.49615  5.30134  2.76551  2.07561  4.31224  2.42211  3.66266  4.12603  1.97786  3.55319  4.34302  2.99436  3.23071  2.69072  2.83558  2.48011  2.88333  3.68998  5.73623  4.11968     78 k - - -
          2.68618  4.42225  2.77520  2.73123  3.46354  2.40508  3.72495  3.29354  2.67741  2.69355  4.24690  2.90347  2.73740  3.18147  2.89801  2.37887  2.77520  2.98519  4.58477  3.61503
          0.02459  3.89645  5.52656  0.51781  0.90590  0.48576  0.95510
     67   2.66954  4.82726  2.90917  2.26736  4.53329  3.06167  3.78975  3.99370  2.50620  3.51534  4.27785  3.01896  1.64639  2.90062  2.79777  2.50817  2.92620  3.46613  5.68223  4.29521     80 p - - -
          2.68618  4.42225  2.77519  2.73123  3.46354  2.40513  3.72494  3.29354  2.67741  2.69355  4.24690  2.90347  2.73739  3.18146  2.89801  2.37887  2.77519  2.98518  4.58477  3.61503
          0.01225  4.80422  5.52656  0.61958  0.77255  0.48576  0.95510
     68   2.36188  4.01501  4.77891  4.17070  3.17563  4.03906  4.37601  1.80380  3.97073  1.67300  3.34624  4.18404  4.39867  4.11251  3.99980  3.35052  2.88750  1.67779  3.86021  3.70383     81 l - - -
          2.68618  4.42225  2.77519  2.73123  3.46354  2.40513  3.72494  3.29354  2.67741  2.69355  4.24690  2.90347  2.73739  3.18146  2.89801  2.37887  2.77519  2.98518  4.58477  3.61503
          0.01225  4.80422  5.52656  0.61958  0.77255  0.48576  0.95510
     69   2.13384  4.65594  2.93666  2.46051  4.60563  2.45061  3.60462  4.08119  2.28310  3.57419  4.32002  2.64235  3.97268  2.76091  2.61129  2.06600  2.91449  3.65799  5.71682  4.31512     82 s - - -
          2.68618  4.42225  2.77519  2.73123  3.46354  2.40513  3.72494  3.29354  2.67741  2.69355  4.24690  2.90347  2.73739  3.18146  2.89801  2.37887  2.77519  2.98518  4.58477  3.61503
          0.01225  4.80422  5.52656  0.61958  0.77255  0.48576  0.95510
     70   2.59463  4.26078  2.77963  2.29074  4.06662  2.88211  3.65590  3.79181  2.26428  3.04889  4.24477  2.88462  3.61671  2.71263  2.70148  2.40604  2.62797  3.03122  4.13581  4.02277     83 k - - -
          2.68618  4.42225  2.77519  2.73123  3.46354  2.40513  3.72494  3.29354  2.67741  2.69355  4.24690  2.90347  2.73739  3.18146  2.89801  2.37887  2.77519  2.98518  4.58477  3.61503
          0.01225  4.80422  5.52656  0.61958  0.77255  0.48576  0.95510
     71   3.53549  4.94430  5.61084  5.02535  1.77717  4.98377  5.29444  1.83835  4.86776  0.93154  3.26575  5.13309  5.15553  4.84896  4.85155  4.33919  3.89158  2.33493  5.49400  4.42874     84 l - - -
          2.68618  4.42225  2.77519  2.73123  3.46354  2.40513  3.72494  3.29354  2.67741  2.69355  4.24690  2.90347  2.73739  3.18146  2.89801  2.37887  2.77519  2.98518  4.58477  3.61503
          0.01225  4.80422  5.52656  0.61958  0.77255  0.48576  0.95510
     72   3.64333  4.94057  5.32116  4.80618  0.80420  4.76862  4.54262  2.71013  4.62962  1.73900  3.19366  4.75857  5.02037  4.62840  4.62869  4.10602  3.86101  2.99085  4.74504  2.76692     85 f - - -
          2.68618  4.42225  2.77519  2.73123  3.46354  2.40513  3.72494  3.29354  2.67741  2.69355  4.24690  2.90347  2.73739  3.18146  2.89801  2.37887  2.77519  2.98518  4.58477  3.61503
          0.01225  4.80422  5.52656  0.61958  0.77255  0.48576  0.95510
     73   2.33916  4.58841  3.02855  1.93357  4.42922  3.19859  3.50599  3.92235  2.13153  2.97041  4.02406  2.87253  3.97359  2.55917  2.68068  2.54033  2.78203  3.46595  5.70643  4.30769     86 e - - -
          2.68618  4.42225  2.77519  2.73123  3.46354  2.40513  3.72494  3.29354  2.67741  2.69355  4.24690  2.90347  2.73739  3.18146  2.89801  2.37887  2.77519  2.98518  4.58477  3.61503
          0.01225  4.80422  5.52656  0.61958  0.77255  0.48576  0.95510
     74   2.29896  5.28022  2.66223  2.15313  4.61305  3.28140  3.68504  3.80712  2.33241  2.96279  3.96813  2.88134  3.97063  2.58674  2.36556  2.38379  2.86422  3.37293  5.72029  4.17956     87 e - - -
          2.68618  4.42225  2.77519  2.73123  3.46354  2.40513  3.72494  3.29354  2.67741  2.69355  4.24690  2.90347  2.73739  3.18146  2.89801  2.37887  2.77519  2.98518  4.58477  3.61503
          0.01225  4.80422  5.52656  0.61958  0.77255  0.48576  0.95510
     75   1.73071  3.95585  4.62359  4.01891  2.59167  3.96992  4.29548  2.26366  3.66919  2.17975  3.13252  4.07876  4.33498  3.99872  3.90202  3.17647  2.55807  1.87470  4.83906  3.40243     88 a - - -
          2.68618  4.42225  2.77519  2.73123  3.46354  2.40513  3.72494  3.29354  2.67741  2.69355  4.24690  2.90347  2.73739  3.18146  2.89801  2.37887  2.77519  2.98518  4.58477  3.61503
          0.01225  4.80422  5.52656  0.61958  0.77255  0.48576  0.95510
     76   1.71646  5.16002  3.03975  2.51534  4.45494  3.11247  3.80557  3.90147  2.52727  3.44876  4.22645  2.95399  3.99858  2.81587  2.83455  1.82344  2.93023  3.23081  5.63843  4.26654     89 a - - -
          2.68618  4.42225  2.77519  2.73123  3.46354  2.40513  3.72494  3.29354  2.67741  2.69355  4.24690  2.90347  2.73739  3.18146  2.89801  2.37887  2.77519  2.98518  4.58477  3.61503
          0.01225  4.80422  5.52656  0.61958  0.77255  0.48576  0.95510
     77   2.50451  5.30461  2.63987  1.78938  4.35127  3.17984  3.38880  4.13207  2.21290  3.41859  3.93656  2.66353  3.96687  2.51944  2.76084  2.57225  2.89992  3.69412  5.73854  4.06966     90 e - - -
          2.68618  4.42225  2.77519  2.73123  3.46354  2.40513  3.72494  3.29354  2.67741  2.69355  4.24690  2.90347  2.73739  3.18146  2.89801  2.37887  2.77519  2.98518  4.58477  3.61503
          0.01225  4.80422  5.52656  0.61958  0.77255  0.48576  0.95510
     78   2.67636  4.41940  3.17462  2.35083  3.98431  2.91141  3.48133  3.25643  2.11631  2.72104  3.45117  2.77815  4.01312  2.66180  2.42683  2.82297  2.93095  3.29608  4.48063  3.80495     91 k - - -
          2.68618  4.42225  2.77519  2.73123  3.46354  2.40513  3.72494  3.29354  2.67741  2.69355  4.24690  2.90347  2.73739  3.18146  2.89801  2.37887  2.77519  2.98518  4.58477  3.61503
          0.01225  4.80422  5.52656  0.61958  0.77255  0.48576  0.95510
     79   4.17185  5.35255  6.08176  5.49996  3.45541  5.59998  5.86689  2.17412  5.37065  0.47398  2.44796  5.75293  5.53892  5.17200  5.29346  5.01166  4.36493  2.81484  5.75926  4.85729     92 L - - -
          2.68618  4.42225  2.77519  2.73123  3.46354  2.40513  3.72494  3.29354  2.67741  2.69355  4.24690  2.90347  2.73739  3.18146  2.89801  2.37887  2.77519  2.98518  4.58477  3.61503
          0.01225  4.80422  5.52656  0.61958  0.77255  0.48576  0.95510
     80   2.49203  3.86007  2.95422  2.21888  4.15136  3.50523  3.39795  3.99976  2.14988  3.01227  4.11972  2.82781  3.81777  2.51610  2.74314  2.32620  2.91019  3.27251  5.67909  3.32010     93 k - - -
          2.68618  4.42225  2.77519  2.73123  3.46354  2.40513  3.72494  3.29354  2.67741  2.69355  4.24690  2.90347  2.73739  3.18146  2.89801  2.37887  2.77519  2.98518  4.58477  3.61503
          0.02363  4.80422  4.18895  0.61958  0.77255  0.48576  0.95510
     81   2.60368  5.29162  2.84216  2.23236  4.63090  3.22440  3.53604  4.11280  2.08051  3.22293  3.61360  2.74924  3.35839  2.54531  2.63927  2.26098  2.75952  3.41410  5.72778  4.11320     94 k - - -
          2.68618  4.42225  2.77519  2.73123  3.46354  2.40513  3.72494  3.29354  2.67741  2.69355  4.24690  2.90347  2.73739  3.18146  2.89801  2.37887  2.77519  2.98518  4.58477  3.61503
          0.01239  4.79297  5.51532  0.61958  0.77255  0.51136  0.91549
     82   2.65882  5.29102  2.73634  2.32433  4.63001  2.51013  3.56123  3.84951  2.38893  3.52621  3.65353  2.39121  3.18397  2.44059  2.58937  2.57370  2.98625  3.67839  5.72734  3.72295     95 e - - -
          2.68618  4.42225  2.77519  2.73123  3.46354  2.40513  3.72494  3.29354  2.67741  2.69355  4.24690  2.90347  2.73739  3.18146  2.89801  2.37887  2.77519  2.98518  4.58477  3.61503
          0.07082  4.79297  2.81200  0.61958  0.77255  0.47008  0.98070
     83   2.47236  5.27690  2.71382  1.77349  4.06164  3.27198  3.63978  3.91926  2.34003  3.57997  4.31894  2.86023  3.65291  2.56149  2.72794  2.28677  2.77160  3.66476  5.71268  4.07929     96 e - - -
          2.68618  4.42225  2.77520  2.73124  3.46354  2.40508  3.72495  3.29354  2.67741  2.69355  4.24690  2.90347  2.73740  3.18147  2.89801  2.37887  2.77520  2.98519  4.58477  3.61503
          0.15556  3.77505  2.11089  0.50855  0.91972  0.51166  0.91504
     84   2.61677  4.85367  3.03430  2.44622  4.06775  1.72577  3.81789  3.46957  2.58955  3.10225  3.93474  3.16216  3.85174  2.99258  3.09930  2.65770  2.91839  2.48425  4.74297  3.83607     98 g - - -
          2.68618  4.42225  2.77519  2.73123  3.46354  2.40513  3.72494  3.29354  2.67741  2.69355  4.24690  2.90347  2.73739  3.18146  2.89801  2.37887  2.77519  2.98518  4.58477  3.61503
          0.02472  4.65407  4.20685  0.61958  0.77255  0.34359  1.23518
     85   2.63595  5.01682  2.80698  1.97043  3.74860  3.62550  3.62233  3.08155  2.52109  2.55431  3.67051  2.89055  4.01554  2.73794  2.98350  2.71565  2.69669  2.81031  5.51588  3.54507     99 e - - -
          2.68618  4.42225  2.77519  2.73123  3.46354  2.40513  3.72494  3.29354  2.67741  2.69355  4.24690  2.90347  2.73739  3.18146  2.89801  2.37887  2.77519  2.98518  4.58477  3.61503
          0.01236  4.79534  5.51769  0.61958  0.77255  0.50605  0.92350
     86   2.79982  4.59027  2.83918  2.56996  4.44470  3.07913  3.80640  3.89033  2.57297  3.44032  4.21891  2.84989  3.71941  2.89017  2.95939  1.78710  1.81312  3.51513  5.63215  4.06858    100 s - - -
          2.68618  4.42225  2.77519  2.73123  3.46354  2.40513  3.72494  3.29354  2.67741  2.69355  4.24690  2.90347  2.73739  3.18146  2.89801  2.37887  2.77519  2.98518  4.58477  3.61503
          0.01236  4.79534  5.51769  0.61958  0.77255  0.50605  0.92350
     87   1.60772  4.26586  4.39045  3.79910  2.60971  3.93772  4.25183  2.57863  3.66189  2.12897  3.25203  3.96245  3.45081  3.86422  3.80687  3.08822  2.70488  1.92690  4.88536  3.69785    101 a - - -
          2.68618  4.42225  2.77519  2.73123  3.46354  2.40513  3.72494  3.29354  2.67741  2.69355  4.24690  2.90347  2.73739  3.18146  2.89801  2.37887  2.77519  2.98518  4.58477  3.61503
          0.01236  4.79534  5.51769  0.61958  0.77255  0.50605  0.92350
     88   2.51662  4.87040  2.79875  2.30457  4.29296  2.64930  3.52630  4.08022  2.34129  3.46657  4.31719  2.90340  3.96809  2.32932  2.43968  2.59476  2.96352  3.59061  5.71394  2.74912    102 e - - -
          2.68618  4.42225  2.77519  2.73123  3.46354  2.40513  3.72494  3.29354  2.67741  2.69355  4.24690  2.90347  2.73739  3.18146  2.89801  2.37887  2.77519  2.98518  4.58477  3.61503
          0.01236  4.79534  5.51769  0.61958  0.77255  0.50605  0.92350
     89   2.53038  5.27766  2.63764  1.47167  4.60895  3.40098  3.58076  4.08557  2.43312  3.57706  3.85861  3.04828  3.97015  2.61873  2.99805  2.54419  2.68904  3.29170  5.71858  4.31560    103 e - - -
          2.68618  4.42225  2.77519  2.73123  3.46354  2.40513  3.72494  3.29354  2.67741  2.69355  4.24690  2.90347  2.73739  3.18146  2.89801  2.37887  2.77519  2.98518  4.58477  3.61503
          0.01236  4.79534  5.51769  0.61958  0.77255  0.50605  0.92350
     90   1.37079  3.84613  4.23090  3.64953  3.42859  3.57030  3.96522  2.04990  3.53767  2.51680  3.22541  3.87167  4.27596  3.76685  3.73562  2.78255  3.04817  2.25990  4.93365  3.73951    104 a - - -
          2.68618  4.42225  2.77519  2.73123  3.46354  2.40513  3.72494  3.29354  2.67741  2.69355  4.24690  2.90347  2.73739  3.18146  2.89801  2.37887  2.77519  2.98518  4.58477  3.61503
          0.01236  4.79534  5.51769  0.61958  0.77255  0.47329  0.97538
     91   3.25584  4.74028  5.08545  4.54630  2.04026  4.51889  4.42963  2.68811  4.36569  1.96626  3.51286  4.53433  4.82168  4.43597  4.39998  3.84368  3.62445  2.74383  1.08725  3.21513    105 w - - -
          2.68618  4.42225  2.77519  2.73123  3.46354  2.40513  3.72494  3.29354  2.67741  2.69355  4.24690  2.90347  2.73739  3.18146  2.89801  2.37887  2.77519  2.98518  4.58477  3.61503
          0.01225  4.80422  5.52656  0.61958  0.77255  0.48576  0.95510
     92   2.58980  5.29671  2.90549  1.74209  4.63629  3.57513  3.40302  3.76832  2.01684  3.19132  4.33886  2.84510  3.96850  2.55996  2.69439  2.52440  2.87652  3.68441  5.73259  3.81407    106 e - - -
          2.68618  4.42225  2.77519  2.73123  3.46354  2.40513  3.72494  3.29354  2.67741  2.69355  4.24690  2.90347  2.73739  3.18146  2.89801  2.37887  2.77519  2.98518  4.58477  3.61503
          0.01225  4.80422  5.52656  0.61958  0.77255  0.48576  0.95510
     93   2.61902  4.81514  2.80520  1.88331  4.62324  3.57646  3.66804  3.49973  1.90398  3.36918  4.33056  2.95027  3.96969  2.61211  2.45408  2.51241  2.84911  3.58345  5.15140  4.32049    107 e - - -
          2.68618  4.42225  2.77519  2.73123  3.46354  2.40513  3.72494  3.29354  2.67741  2.69355  4.24690  2.90347  2.73739  3.18146  2.89801  2.37887  2.77519  2.98518  4.58477  3.61503
          0.01225  4.80422  5.52656  0.61958  0.77255  0.48576  0.95510
     94   1.66498  5.09413  3.15139  2.29986  4.37474  3.13165  3.82077  3.53185  2.59797  3.37973  4.17104  3.12760  4.00752  2.56713  3.07167  2.18173  2.60265  3.21781  5.59111  4.23403    108 a - - -
          2.68618  4.42225  2.77519  2.73123  3.46354  2.40513  3.72494  3.29354  2.67741  2.69355  4.24690  2.90347  2.73739  3.18146  2.89801  2.37887  2.77519  2.98518  4.58477  3.61503
          0.01225  4.80422  5.52656  0.61958  0.77255  0.48576  0.95510
     95   2.68923  4.23451  4.76762  4.15765  2.73389  4.02639  4.35910  2.11053  3.73288  1.49860  2.93240  4.17087  4.38558  4.09538  3.98395  3.33688  2.98659  1.71331  4.86167  3.24768    109 l - - -
          2.68618  4.42225  2.77519  2.73123  3.46354  2.40513  3.72494  3.29354  2.67741  2.69355  4.24690  2.90347  2.73739  3.18146  2.89801  2.37887  2.77519  2.98518  4.58477  3.61503
          0.01225  4.80422  5.52656  0.61958  0.77255  0.48576  0.95510
     96   2.54843  5.30526  2.61037  1.98185  4.64835  3.25589  3.67308  3.98106  1.95006  3.60966  3.41327  2.65786  3.96710  2.56435  2.75649  2.54247  2.78656  3.69484  5.73908  4.32935    110 k - - -
          2.68618  4.42225  2.77519  2.73123  3.46354  2.40513  3.72494  3.29354  2.67741  2.69355  4.24690  2.90347  2.73739  3.18146  2.89801  2.37887  2.77519  2.98518  4.58477  3.61503
          0.01225  4.80422  5.52656  0.61958  0.77255  0.48576  0.95510
     97   2.45841  5.30795  2.69742  1.79209  4.65161  3.43613  3.55366  4.13662  2.00119  3.50463  4.34907  2.60873  3.96759  2.54594  2.83496  2.61381  2.86916  3.35318  5.74134  4.33116    111 e - - -
          2.68618  4.42225  2.77519  2.73123  3.46354  2.40513  3.72494  3.29354  2.67741  2.69355  4.24690  2.90347  2.73739  3.18146  2.89801  2.37887  2.77519  2.98518  4.58477  3.61503
          0.04682  4.80422  3.28230  0.61958  0.77255  0.48576  0.95510
     98   2.58588  4.68234  3.20408  2.65225  3.29816  3.33881  3.64865  3.08419  2.68656  2.07105  3.42723  2.91415  4.09180  2.95477  3.07806  2.76368  2.74862  2.50546  4.73397  3.06077    112 l - - -
          2.68618  4.42225  2.77519  2.73123  3.46354  2.40513  3.72494  3.29354  2.67741  2.69355  4.24690  2.90347  2.73739  3.18146  2.89801  2.37887  2.77519  2.98518  4.58477  3.61503
          0.01268  4.77008  5.49243  0.61958  0.77255  0.44160  1.03003
     99   2.71400  4.36500  3.13235  2.44277  3.82864  3.43881  3.84702  3.19971  2.17252  2.84446  4.04330  2.77444  3.74616  2.78305  2.70773  2.68347  3.03321  3.11597  2.55588  3.44363    113 k - - -
          2.68623  4.42230  2.77504  2.73128  3.46359  2.40518  3.72500  3.29359  2.67739  2.69360  4.24695  2.90352  2.73737  3.18151  2.89806  2.37873  2.77504  2.98523  4.58482  3.61508
          0.06573  2.81942  5.52656  0.90126  0.52097  0.48576  0.95510
    100   2.64649  4.71280  2.69464  2.20151  4.35175  2.64078  3.40467  3.70063  2.12994  3.31668  4.32971  2.81757  3.10053  2.86393  2.79260  2.23526  2.87148  3.67196  5.72501  4.12506    117 k - - -
          2.68618  4.42225  2.77519  2.73123  3.46354  2.40513  3.72494  3.29354  2.67741  2.69355  4.24690  2.90347  2.73739  3.18146  2.89801  2.37887  2.77519  2.98518  4.58477  3.61503
          0.01225  4.80422  5.52656  0.61958  0.77255  0.48576  0.95510
    101   2.65686  5.28249  2.90830  2.08902  4.19110  3.43813  3.76529  4.09434  2.15422  3.21916  4.08875  2.38182  3.28288  2.58910  2.43451  2.67733  2.73370  3.41309  4.65788  4.03027    118 e - - -
          2.68618  4.42225  2.77519  2.73123  3.46354  2.40513  3.72494  3.29354  2.67741  2.69355  4.24690  2.90347  2.73739  3.18146  2.89801  2.37887  2.77519  2.98518  4.58477  3.61503
          0.01225  4.80422  5.52656  0.61958  0.77255  0.48576  0.95510
    102   2.81467  4.25384  4.42863  3.83442  2.70252  3.19264  4.25388  2.44674  3.68939  1.85660  2.83110  3.97977  4.30795  3.88408  3.81950  2.47671  1.88307  2.36588  4.86936  3.47524    119 l - - -
          2.68618  4.42225  2.77519  2.73123  3.46354  2.40513  3.72494  3.29354  2.67741  2.69355  4.24690  2.90347  2.73739  3.18146  2.89801  2.37887  2.77519  2.98518  4.58477  3.61503
          0.01225  4.80422  5.52656  0.61958  0.77255  0.48576  0.95510
    103   1.89470  3.62027  2.96921  2.50404  4.33654  3.22208  3.81654  3.76651  2.59808  3.34491  4.14106  2.57921  3.22761  2.95114  2.94163  2.18212  3.03256  3.07933  5.56422  3.36033    120 a - - -
          2.68618  4.42225  2.77519  2.73123  3.46354  2.40513  3.72494  3.29354  2.67741  2.69355  4.24690  2.90347  2.73739  3.18146  2.89801  2.37887  2.77519  2.98518  4.58477  3.61503
          0.01225  4.80422  5.52656  0.61958  0.77255  0.48576  0.95510
    104   4.07770  5.28963  5.95628  5.36402  2.87155  5.43143  5.64628  2.48092  5.22621  0.46947  2.47918  5.57021  5.42908  5.05165  5.15392  4.81596  4.27026  3.00480  5.62370  4.38796    121 L - - -
          2.68618  4.42225  2.77519  2.73123  3.46354  2.40513  3.72494  3.29354  2.67741  2.69355  4.24690  2.90347  2.73739  3.18146  2.89801  2.37887  2.77519  2.98518  4.58477  3.61503
          0.01225  4.80422  5.52656  0.61958  0.77255  0.48576  0.95510
    105   2.70916  5.28412  3.06074  2.23877  4.61841  3.36824  3.76624  3.93688  1.72948  3.35392  4.10977  2.38824  3.97193  2.73130  2.72275  2.39897  2.49150  3.59126  5.72292  4.31962    122 k - - -
          2.68618  4.42225  2.77519  2.73123  3.46354  2.40513  3.72494  3.29354  2.67741  2.69355  4.24690  2.90347  2.73739  3.18146  2.89801  2.37887  2.77519  2.98518  4.58477  3.61503
          0.01225  4.80422  5.52656  0.61958  0.77255  0.48576  0.95510
    106   2.68393  5.30676  2.96756  2.00910  4.65019  3.57500  3.76191  3.95171  1.83946  3.50961  4.34805  2.82148  3.11123  2.28599  2.61135  2.53394  2.81791  3.69656  5.74003  4.33088    123 k - - -
          2.68618  4.42225  2.77519  2.73123  3.46354  2.40513  3.72494  3.29354  2.67741  2.69355  4.24690  2.90347  2.73739  3.18146  2.89801  2.37887  2.77519  2.98518  4.58477  3.61503
          0.01225  4.80422  5.52656  0.61958  0.77255  0.48576  0.95510
    107   2.32041  4.98641  2.65187  1.66853  4.64403  3.20507  3.76215  4.12761  2.31159  3.60626  4.34413  2.76875  3.55135  2.79234  2.77459  2.47269  2.79020  3.69124  5.73723  4.01119    124 e - - -
          2.68618  4.42225  2.77519  2.73123  3.46354  2.40513  3.72494  3.29354  2.67741  2.69355  4.24690  2.90347  2.73739  3.18146  2.89801  2.37887  2.77519  2.98518  4.58477  3.61503
          0.01225  4.80422  5.52656  0.61958  0.77255  0.48576  0.95510
    108   3.37728  5.99760  0.89232  1.47195  5.27931  3.67485  4.19450  4.80362  3.19462  4.28391  4.22741  3.12634  4.28494  3.35150  3.79451  3.25632  3.65998  4.36239  6.43754  4.91735    125 d - - -
          2.68618  4.42225  2.77519  2.73123  3.46354  2.40513  3.72494  3.29354  2.67741  2.69355  4.24690  2.90347  2.73739  3.18146  2.89801  2.37887  2.77519  2.98518  4.58477  3.61503
          0.01225  4.80422  5.52656  0.61958  0.77255  0.48576  0.95510
    109   2.80954  4.46405  3.80351  2.91011  3.25950  3.70225  4.08179  2.38016  2.36016  1.81216  3.57063  3.60446  4.19500  3.03549  2.82633  3.07166  2.98685  2.54853  3.57426  3.20452    126 l - - -
          2.68618  4.42225  2.77519  2.73123  3.46354  2.40513  3.72494  3.29354  2.67741  2.69355  4.24690  2.90347  2.73739  3.18146  2.89801  2.37887  2.77519  2.98518  4.58477  3.61503
          0.01225  4.80422  5.52656  0.61958  0.77255  0.48576  0.95510
    110   2.48271  5.30283  2.69003  1.52861  4.19374  3.34410  3.76332  4.12717  2.21824  3.40033  4.34468  2.79490  3.75603  2.62611  2.87753  2.65368  2.86346  3.69133  5.73780  4.32899    127 e - - -
          2.68618  4.42225  2.77519  2.73123  3.46354  2.40513  3.72494  3.29354  2.67741  2.69355  4.24690  2.90347  2.73739  3.18146  2.89801  2.37887  2.77519  2.98518  4.58477  3.61503
          0.01225  4.80422  5.52656  0.61958  0.77255  0.48576  0.95510
    111   2.46421  3.85006  4.08110  3.81529  3.16605  3.94098  4.25361  1.54280  3.67464  2.18481  3.37846  3.66564  3.94887  3.13326  3.81324  3.23435  3.04994  1.81156  4.87942  3.69248    128 i - - -
          2.68618  4.42225  2.77519  2.73123  3.46354  2.40513  3.72494  3.29354  2.67741  2.69355  4.24690  2.90347  2.73739  3.18146  2.89801  2.37887  2.77519  2.98518  4.58477  3.61503
          0.01225  4.80422  5.52656  0.61958  0.77255  0.48576  0.95510
    112   3.64254  5.10575  5.78677  5.19728  3.15823  5.20461  5.50761  1.91355  5.05280  0.63567  2.46165  5.35557  5.29799  4.96483  5.01393  4.57345  4.07067  2.60362  5.60201  4.62010    129 L - - -
          2.68618  4.42225  2.77519  2.73123  3.46354  2.40513  3.72494  3.29354  2.67741  2.69355  4.24690  2.90347  2.73739  3.18146  2.89801  2.37887  2.77519  2.98518  4.58477  3.61503
          0.01225  4.80422  5.52656  0.61958  0.77255  0.48576  0.95510
    113   2.43109  4.94964  3.24006  2.43907  4.17318  3.49564  3.85457  2.71524  2.19841  2.19416  3.81956  3.02834  4.03649  2.79335  2.43004  2.80022  2.92080  2.97702  5.46251  4.14036    130 l - - -
          2.68618  4.42225  2.77519  2.73123  3.46354  2.40513  3.72494  3.29354  2.67741  2.69355  4.24690  2.90347  2.73739  3.18146  2.89801  2.37887  2.77519  2.98518  4.58477  3.61503
          0.01225  4.80422  5.52656  0.61958  0.77255  0.48576  0.95510
    114   2.51415  5.30511  2.37980  2.33198  4.64723  3.18480  3.25155  4.13128  2.49893  3.22818  4.34667  2.56556  3.96838  2.14533  2.67345  2.28434  2.83005  3.69419  5.73944  4.33000    131 q - - -
          2.68618  4.42225  2.77519  2.73123  3.46354  2.40513  3.72494  3.29354  2.67741  2.69355  4.24690  2.90347  2.73739  3.18146  2.89801  2.37887  2.77519  2.98518  4.58477  3.61503
          0.01225  4.80422  5.52656  0.61958  0.77255  0.48576  0.95510
    115   3.11244  4.62474  5.16225  4.56018  1.44774  4.48302  4.76548  2.52663  4.37584  1.13139  3.07074  4.61501  4.76427  4.44184  4.38695  3.80619  3.50578  2.44526  4.36051  3.97702    132 l - - -
          2.68618  4.42225  2.77519  2.73123  3.46354  2.40513  3.72494  3.29354  2.67741  2.69355  4.24690  2.90347  2.73739  3.18146  2.89801  2.37887  2.77519  2.98518  4.58477  3.61503
          0.01225  4.80422  5.52656  0.61958  0.77255  0.48576  0.95510
    116   2.10229  4.63279  3.76673  3.24326  3.59237  1.20170  4.24234  3.30985  3.21095  3.02549  4.02199  3.59026  4.16218  3.51985  3.58054  2.23469  3.10141  3.01886  5.48478  4.24017    133 g - - -
          2.68618  4.42225  2.77519  2.73123  3.46354  2.40513  3.72494  3.29354  2.67741  2.69355  4.24690  2.90347  2.73739  3.18146  2.89801  2.37887  2.77519  2.98518  4.58477  3.61503
          0.01225  4.80422  5.52656  0.61958  0.77255  0.48576  0.95510
    117   2.55172  5.30177  2.95324  2.00277  4.64328  3.23882  3.76196  4.12665  1.77204  3.51763  4.34343  2.85259  3.41199  2.64211  2.70647  2.49555  2.79487  3.69051  5.73648  3.55206    134 k - - -
          2.68618  4.42225  2.77519  2.73123  3.46354  2.40513  3.72494  3.29354  2.67741  2.69355  4.24690  2.90347  2.73739  3.18146  2.89801  2.37887  2.77519  2.98518  4.58477  3.61503
          0.01225  4.80422  5.52656  0.61958  0.77255  0.48576  0.95510
    118   2.73706  4.99762  3.20521  2.64721  4.04802  2.94630  3.05725  3.56104  2.59390  3.25533  3.22263  2.72337  3.82127  2.79571  2.90860  2.32757  2.04997  2.89124  5.50126  3.52380    135 t - - -
          2.68618  4.42225  2.77519  2.73123  3.46354  2.40513  3.72494  3.29354  2.67741  2.69355  4.24690  2.90347  2.73739  3.18146  2.89801  2.37887  2.77519  2.98518  4.58477  3.61503
          0.01225  4.80422  5.52656  0.61958  0.77255  0.48576  0.95510
    119   3.65200  4.96699  5.39326  4.81821  3.25343  4.89732  5.18881  2.35384  4.65606  0.51667  3.16472  4.98654  5.09847  4.71220  4.70837  3.68327  3.87401  2.72349  5.45855  4.35973    136 L - - -
          2.68618  4.42225  2.77519  2.73123  3.46354  2.40513  3.72494  3.29354  2.67741  2.69355  4.24690  2.90347  2.73739  3.18146  2.89801  2.37887  2.77519  2.98518  4.58477  3.61503
          0.01225  4.80422  5.52656  0.61958  0.77255  0.48576  0.95510
    120   2.97872  4.89663  4.13048  4.13270  5.39658  0.33498  5.29112  5.02028  4.45916  4.68003  5.50535  4.15819  4.43289  4.65742  4.65934  2.85021  3.54236  4.22529  6.65065  5.53501    137 G - - -
          2.68618  4.42225  2.77519  2.73123  3.46354  2.40513  3.72494  3.29354  2.67741  2.69355  4.24690  2.90347  2.73739  3.18146  2.89801  2.37887  2.77519  2.98518  4.58477  3.61503
          0.01225  4.80422  5.52656  0.61958  0.77255  0.48576  0.95510
    121   2.57394  4.26636  3.23092  2.21099  3.81876  3.64368  3.58490  2.93137  2.58150  3.03530  3.65597  2.85334  4.03278  2.49203  2.72224  2.48964  2.66558  3.02476  5.46983  2.94196    138 e - - -
          2.68618  4.42225  2.77519  2.73123  3.46354  2.40513  3.72494  3.29354  2.67741  2.69355  4.24690  2.90347  2.73739  3.18146  2.89801  2.37887  2.77519  2.98518  4.58477  3.61503
          0.01225  4.80422  5.52656  0.61958  0.77255  0.48576  0.95510
    122   2.80974  4.04262  3.85546  3.28341  3.33682  3.83037  3.01739  2.91599  3.21983  2.19143  3.15523  3.63923  3.94634  3.38723  3.52788  1.52115  2.64159  2.70367  4.54452  3.41653    139 s - - -
          2.68618  4.42225  2.77519  2.73123  3.46354  2.40513  3.72494  3.29354  2.67741  2.69355  4.24690  2.90347  2.73739  3.18146  2.89801  2.37887  2.77519  2.98518  4.58477  3.61503
          0.01225  4.80422  5.52656  0.61958  0.77255  0.48576  0.95510
    123   3.33603  5.86016  0.72508  2.57386  5.26373  2.67032  4.23120  4.79432  3.25065  3.78317  5.12014  2.67498  4.28462  3.39495  3.85082  2.97995  3.64262  4.33430  6.44276  4.93667    140 d - - -
          2.68618  4.42225  2.77519  2.73123  3.46354  2.40513  3.72494  3.29354  2.67741  2.69355  4.24690  2.90347  2.73739  3.18146  2.89801  2.37887  2.77519  2.98518  4.58477  3.61503
          0.01225  4.80422  5.52656  0.61958  0.77255  0.48576  0.95510
    124   2.71549  4.59298  3.59445  3.02827  3.61375  3.76322  3.88303  2.60423  2.48639  2.40794  3.46899  3.45900  3.92051  3.22093  1.86271  2.84620  2.92131  2.16439  5.16567  3.91982    141 r - - -
          2.68618  4.42225  2.77519  2.73123  3.46354  2.40513  3.72494  3.29354  2.67741  2.69355  4.24690  2.90347  2.73739  3.18146  2.89801  2.37887  2.77519  2.98518  4.58477  3.61503
          0.01225  4.80422  5.52656  0.61958  0.77255  0.48576  0.95510
    125   2.69145  5.28051  2.24473  1.63006  4.16910  3.37789  3.70553  3.86603  2.40570  3.39074  4.32447  2.94305  3.97100  2.63215  2.86636  2.68418  2.86914  3.59532  5.72064  3.30038    142 e - - -
          2.68618  4.42225  2.77519  2.73123  3.46354  2.40513  3.72494  3.29354  2.67741  2.69355  4.24690  2.90347  2.73739  3.18146  2.89801  2.37887  2.77519  2.98518  4.58477  3.61503
          0.01225  4.80422  5.52656  0.61958  0.77255  0.48576  0.95510
    126   2.80331  5.27873  2.13297  2.14014  4.60874  2.43179  3.63921  3.96398  2.51262  3.57760  3.01635  2.65831  3.97422  2.65479  3.00331  2.51517  2.83238  3.44313  5.72041  4.31803    143 d - - -
          2.68618  4.42225  2.77519  2.73123  3.46354  2.40513  3.72494  3.29354  2.67741  2.69355  4.24690  2.90347  2.73739  3.18146  2.89801  2.37887  2.77519  2.98518  4.58477  3.61503
          0.01225  4.80422  5.52656  0.61958  0.77255  0.48576  0.95510
    127   3.44939  5.76670  3.05626  2.65340  5.00226  3.87302  3.53807  4.58729  2.70702  4.03851  4.90817  3.36667  4.39093  0.67721  3.01333  3.38572  3.68172  4.22247  6.05991  4.70703    144 Q - - -
          2.68618  4.42225  2.77519  2.73123  3.46354  2.40513  3.72494  3.29354  2.67741  2.69355  4.24690  2.90347  2.73739  3.18146  2.89801  2.37887  2.77519  2.98518  4.58477  3.61503
          0.01225  4.80422  5.52656  0.61958  0.77255  0.48576  0.95510
    128   2.72201  5.11332  3.05164  1.95780  4.38498  3.60939  3.40630  2.62792  2.36515  3.00975  3.67488  3.11379  4.00063  2.25937  2.73536  2.72659  3.03246  2.77493  5.59249  4.23114    145 e - - -
          2.68618  4.42225  2.77519  2.73123  3.46354  2.40513  3.72494  3.29354  2.67741  2.69355  4.24690  2.90347  2.73739  3.18146  2.89801  2.37887  2.77519  2.98518  4.58477  3.61503
          0.01225  4.80422  5.52656  0.61958  0.77255  0.48576  0.95510
    129   3.09541  5.55696  3.52256  2.90457  5.00225  3.73451  3.91872  4.39464  1.03206  3.81272  4.61743  2.49364  4.27139  2.91977  1.85940  3.09604  3.40945  4.01083  5.86242  4.60545    146 k - - -
          2.68618  4.42225  2.77519  2.73123  3.46354  2.40513  3.72494  3.29354  2.67741  2.69355  4.24690  2.90347  2.73739  3.18146  2.89801  2.37887  2.77519  2.98518  4.58477  3.61503
          0.01225  4.80422  5.52656  0.61958  0.77255  0.48576  0.95510
    130   2.64540  4.89096  3.28125  2.72198  4.09927  3.66226  2.11381  2.90703  2.70835  2.97602  3.44530  2.40886  4.05021  2.39449  3.15574  2.87235  2.56044  3.12952  5.41491  3.58324    147 h - - -
          2.68618  4.42225  2.77519  2.73123  3.46354  2.40513  3.72494  3.29354  2.67741  2.69355  4.24690  2.90347  2.73739  3.18146  2.89801  2.37887  2.77519  2.98518  4.58477  3.61503
          0.01225  4.80422  5.52656  0.61958  0.77255  0.48576  0.95510
    131   3.04771  4.03156  4.95697  4.35864  2.25439  4.25223  4.58983  1.39358  4.17036  1.44172  3.37640  3.98588  4.58713  4.30002  4.20377  3.57141  3.28033  2.28997  5.05419  3.87965    148 i - - -
          2.68618  4.42225  2.77519  2.73123  3.46354  2.40513  3.72494  3.29354  2.67741  2.69355  4.24690  2.90347  2.73739  3.18146  2.89801  2.37887  2.77519  2.98518  4.58477  3.61503
          0.01225  4.80422  5.52656  0.61958  0.77255  0.48576  0.95510
    132   2.43894  4.86886  2.64963  2.20479  4.64296  3.44333  3.41860  4.12647  2.08798  3.21699  4.14498  2.67933  3.96738  2.58125  2.29370  2.54674  2.74285  3.48961  5.73607  4.32725    149 k - - -
          2.68618  4.42225  2.77519  2.73123  3.46354  2.40513  3.72494  3.29354  2.67741  2.69355  4.24690  2.90347  2.73739  3.18146  2.89801  2.37887  2.77519  2.98518  4.58477  3.61503
          0.01225  4.80422  5.52656  0.61958  0.77255  0.48576  0.95510
    133   2.84692  4.34927  4.73181  4.12986  3.08628  4.11110  4.41836  2.67283  3.95177  0.89907  2.82954  4.20838  4.45610  4.10113  3.78050  3.41774  3.10771  2.51196  3.75224  3.57990    150 l - - -
          2.68618  4.42225  2.77519  2.73123  3.46354  2.40513  3.72494  3.29354  2.67741  2.69355  4.24690  2.90347  2.73739  3.18146  2.89801  2.37887  2.77519  2.98518  4.58477  3.61503
          0.01225  4.80422  5.52656  0.61958  0.77255  0.48576  0.95510
    134   1.69758  3.74644  4.30139  3.71512  3.40293  3.92313  4.23692  2.54572  3.59323  2.33329  3.41312  3.91559  4.29615  3.81156  3.76959  3.14357  1.89619  2.23423  4.91413  2.72399    151 a - - -
          2.68618  4.42225  2.77519  2.73123  3.46354  2.40513  3.72494  3.29354  2.67741  2.69355  4.24690  2.90347  2.73739  3.18146  2.89801  2.37887  2.77519  2.98518  4.58477  3.61503
          0.01225  4.80422  5.52656  0.61958  0.77255  0.48576  0.95510
    135   2.75709  4.11853  3.98514  3.26298  3.49888  3.59687  4.13945  2.05246  2.91076  1.66572  3.05224  3.72277  4.23360  2.81163  3.14608  2.88936  3.04296  2.34549  4.98386  3.77613    152 l - - -
          2.68618  4.42225  2.77519  2.73123  3.46354  2.40513  3.72494  3.29354  2.67741  2.69355  4.24690  2.90347  2.73739  3.18146  2.89801  2.37887  2.77519  2.98518  4.58477  3.61503
          0.01225  4.80422  5.52656  0.61958  0.77255  0.48576  0.95510
    136   2.59833  5.28186  2.95993  1.60328  4.39586  3.41207  3.61950  4.09304  2.31144  3.42613  4.32562  2.86941  3.97062  2.65131  2.79816  2.34790  2.63793  3.23178  5.72156  4.08018    153 e - - -
          2.68618  4.42225  2.77519  2.73123  3.46354  2.40513  3.72494  3.29354  2.67741  2.69355  4.24690  2.90347  2.73739  3.18146  2.89801  2.37887  2.77519  2.98518  4.58477  3.61503
          0.01225  4.80422  5.52656  0.61958  0.77255  0.48576  0.95510
    137   2.80766  5.28874  3.06413  2.26185  4.62369  3.24847  2.65326  4.10046  2.46231  3.13868  4.33271  2.56563  3.97662  1.79537  2.58995  2.60778  3.03832  3.67408  5.72602  3.93975    154 q - - -
          2.68618  4.42225  2.77519  2.73123  3.46354  2.40513  3.72494  3.29354  2.67741  2.69355  4.24690  2.90347  2.73739  3.18146  2.89801  2.37887  2.77519  2.98518  4.58477  3.61503
          0.01225  4.80422  5.52656  0.61958  0.77255  0.48576  0.95510
    138   3.99958  5.20596  5.94192  5.36642  3.31941  5.41311  5.72826  1.92857  5.24230  0.55870  2.96292  5.56659  5.44035  5.11313  5.19502  4.80624  4.20539  2.34080  5.72842  4.77597    155 L - - -
          2.68618  4.42225  2.77519  2.73123  3.46354  2.40513  3.72494  3.29354  2.67741  2.69355  4.24690  2.90347  2.73739  3.18146  2.89801  2.37887  2.77519  2.98518  4.58477  3.61503
          0.01225  4.80422  5.52656  0.61958  0.77255  0.48576  0.95510
    139   2.62692  5.32158  2.57275  1.80276  4.66587  3.40519  3.76952  4.15101  1.74291  3.50001  4.36329  2.92836  3.97542  2.72160  2.53423  2.56793  3.04414  3.71197  5.75341  4.34306    156 k - - -
          2.68618  4.42225  2.77519  2.73123  3.46354  2.40513  3.72494  3.29354  2.67741  2.69355  4.24690  2.90347  2.73739  3.18146  2.89801  2.37887  2.77519  2.98518  4.58477  3.61503
          0.01225  4.80422  5.52656  0.61958  0.77255  0.48576  0.95510
    140   2.30215  5.12843  3.13069  2.41151  4.40511  3.45188  3.40900  3.28745  2.26834  2.45824  3.85216  2.97851  3.99741  2.43927  2.41042  2.55586  2.97547  3.21554  5.60429  4.05485    157 k - - -
          2.68618  4.42225  2.77519  2.73123  3.46354  2.40513  3.72494  3.29354  2.67741  2.69355  4.24690  2.90347  2.73739  3.18146  2.89801  2.37887  2.77519  2.98518  4.58477  3.61503
          0.01225  4.80422  5.52656  0.61958  0.77255  0.48576  0.95510
    141   2.43819  5.26755  2.94397  1.84394  4.59515  3.57977  3.48605  3.70909  2.51049  3.26472  4.31285  2.68968  3.97287  2.06338  2.79901  2.66905  2.69209  3.25967  5.71079  4.05388    158 e - - -
          2.68618  4.42225  2.77519  2.73123  3.46354  2.40513  3.72494  3.29354  2.67741  2.69355  4.24690  2.90347  2.73739  3.18146  2.89801  2.37887  2.77519  2.98518  4.58477  3.61503
          0.01225  4.80422  5.52656  0.61958  0.77255  0.48576  0.95510
    142   2.69333  4.40975  3.33544  1.69677  4.01776  3.68118  3.62610  2.55952  2.54723  2.30301  3.30606  3.26735  4.06783  2.90822  2.96049  2.79439  3.03605  3.13086  5.36069  3.90675    159 e - - -
          2.68618  4.42225  2.77519  2.73123  3.46354  2.40513  3.72494  3.29354  2.67741  2.69355  4.24690  2.90347  2.73739  3.18146  2.89801  2.37887  2.77519  2.98518  4.58477  3.61503
          0.01225  4.80422  5.52656  0.61958  0.77255  0.48576  0.95510
    143   2.22798  5.28784  2.41930  2.01641  4.62380  3.07675  3.76420  3.86244  2.22204  3.35791  3.95877  2.99907  3.96944  2.60836  2.79476  2.56979  2.66447  3.45509  5.72600  4.00958    160 e - - -
          2.68618  4.42225  2.77519  2.73123  3.46354  2.40513  3.72494  3.29354  2.67741  2.69355  4.24690  2.90347  2.73739  3.18146  2.89801  2.37887  2.77519  2.98518  4.58477  3.61503
          0.01225  4.80422  5.52656  0.61958  0.77255  0.48576  0.95510
    144   2.52029  5.29021  2.60602  1.90211  4.62713  3.41142  3.63048  3.65090  2.23646  3.17801  4.33302  2.86450  3.96911  2.50082  2.75203  2.51199  2.82232  3.56973  5.72778  3.19783    161 e - - -
          2.68618  4.42225  2.77519  2.73123  3.46354  2.40513  3.72494  3.29354  2.67741  2.69355  4.24690  2.90347  2.73739  3.18146  2.89801  2.37887  2.77519  2.98518  4.58477  3.61503
          0.01225  4.80422  5.52656  0.61958  0.77255  0.48576  0.95510
    145   0.92795  4.52870  4.01318  3.49981  3.90595  3.48575  4.35208  2.84627  3.43143  2.41982  3.87658  3.76606  4.23616  3.72268  3.73144  2.55012  3.12677  2.92137  5.36975  4.15471    162 a - - -
          2.68618  4.42225  2.77519  2.73123  3.46354  2.40513  3.72494  3.29354  2.67741  2.69355  4.24690  2.90347  2.73739  3.18146  2.89801  2.37887  2.77519  2.98518  4.58477  3.61503
          0.01225  4.80422  5.52656  0.61958  0.77255  0.48576  0.95510
    146   2.59605  5.23242  3.08091  1.73434  4.12893  3.45405  3.58915  3.43735  2.36209  3.09729  4.03557  2.78706  3.97896  2.56633  2.19819  2.77799  2.95715  3.43204  5.68413  4.19174    163 e - - -
          2.68618  4.42225  2.77519  2.73123  3.46354  2.40513  3.72494  3.29354  2.67741  2.69355  4.24690  2.90347  2.73739  3.18146  2.89801  2.37887  2.77519  2.98518  4.58477  3.61503
          0.01225  4.80422  5.52656  0.61958  0.77255  0.48576  0.95510
    147   2.38793  5.27789  2.26938  1.73711  4.60920  3.45960  3.76752  3.23950  2.31145  3.30473  4.13138  3.00394  3.97203  2.46956  2.96199  2.76901  2.87073  3.60042  5.71881  4.31625    164 e - - -
          2.68618  4.42225  2.77519  2.73123  3.46354  2.40513  3.72494  3.29354  2.67741  2.69355  4.24690  2.90347  2.73739  3.18146  2.89801  2.37887  2.77519  2.98518  4.58477  3.61503
          0.01225  4.80422  5.52656  0.61958  0.77255  0.48576  0.95510
    148   2.45740  5.24418  2.49098  1.90199  4.56260  3.58365  3.55428  3.73116  2.43497  2.69670  3.93030  2.62999  3.97646  2.73791  2.78179  2.58555  2.82577  3.33390  4.58501  4.29886    165 e - - -
          2.68618  4.42225  2.77519  2.73123  3.46354  2.40513  3.72494  3.29354  2.67741  2.69355  4.24690  2.90347  2.73739  3.18146  2.89801  2.37887  2.77519  2.98518  4.58477  3.61503
          0.01225  4.80422  5.52656  0.61958  0.77255  0.48576  0.95510
    149   2.11958  4.28985  3.00595  2.51572  4.43487  3.51788  3.79617  3.87992  2.30232  3.42952  3.21053  3.03015  3.99324  1.89930  2.71943  2.50166  3.03177  3.35580  5.62156  3.59324    166 q - - -
          2.68618  4.42225  2.77519  2.73123  3.46354  2.40513  3.72494  3.29354  2.67741  2.69355  4.24690  2.90347  2.73739  3.18146  2.89801  2.37887  2.77519  2.98518  4.58477  3.61503
          0.01225  4.80422  5.52656  0.61958  0.77255  0.48576  0.95510
    150   2.32679  5.29130  2.84673  2.16168  4.62870  3.48368  3.68240  3.69531  2.05186  3.33499  4.21868  2.72979  3.96906  2.33463  2.37771  2.63794  3.03032  3.23406  5.72855  3.97881    167 k - - -
          2.68618  4.42225  2.77519  2.73123  3.46354  2.40513  3.72494  3.29354  2.67741  2.69355  4.24690  2.90347  2.73739  3.18146  2.89801  2.37887  2.77519  2.98518  4.58477  3.61503
          0.01225  4.80422  5.52656  0.61958  0.77255  0.48576  0.95510
    151   2.90781  5.37503  3.16487  2.21478  4.74054  3.66005  3.66409  4.20318  1.39982  3.66555  4.41953  3.00763  3.83545  2.62323  2.06626  2.63530  2.99680  3.77864  5.77437  4.40360    168 k - - -
          2.68618  4.42225  2.77519  2.73123  3.46354  2.40513  3.72494  3.29354  2.67741  2.69355  4.24690  2.90347  2.73739  3.18146  2.89801  2.37887  2.77519  2.98518  4.58477  3.61503
          0.01225  4.80422  5.52656  0.61958  0.77255  0.48576  0.95510
    152   2.81593  5.17095  3.13051  2.50110  4.20935  3.35382  3.80002  3.90597  2.18755  3.44963  4.22766  1.75933  4.00313  2.74546  2.66678  2.80986  3.04587  3.53201  4.71307  2.43221    169 n - - -
          2.68618  4.42225  2.77519  2.73123  3.46354  2.40513  3.72494  3.29354  2.67741  2.69355  4.24690  2.90347  2.73739  3.18146  2.89801  2.37887  2.77519  2.98518  4.58477  3.61503
          0.01225  4.80422  5.52656  0.61958  0.77255  0.48576  0.95510
    153   2.46177  3.33757  3.49643  1.77208  3.82450  3.15635  3.96807  2.80825  2.80133  2.79793  3.46773  3.38845  4.11631  3.14795  3.30548  2.73854  2.82203  2.26079  5.22688  3.96596    170 e - - -
          2.68618  4.42225  2.77519  2.73123  3.46354  2.40513  3.72494  3.29354  2.67741  2.69355  4.24690  2.90347  2.73739  3.18146  2.89801  2.37887  2.77519  2.98518  4.58477  3.61503
          0.01225  4.80422  5.52656  0.61958  0.77255  0.48576  0.95510
    154   3.24503  5.66091  3.96383  3.21659  5.21002  4.10540  4.00212  4.52678  0.86698  3.90998  4.76039  3.61349  4.45419  3.12248  1.53154  3.20947  3.41585  4.18118  5.91189  4.76075    171 k - - -
          2.68618  4.42225  2.77519  2.73123  3.46354  2.40513  3.72494  3.29354  2.67741  2.69355  4.24690  2.90347  2.73739  3.18146  2.89801  2.37887  2.77519  2.98518  4.58477  3.61503
          0.01225  4.80422  5.52656  0.61958  0.77255  0.48576  0.95510
    155   3.52403  4.84670  5.31026  4.71972  3.44980  4.76920  5.08541  2.47082  4.13983  1.12826  1.24742  4.86681  4.99382  4.62409  4.59915  4.10466  3.74478  2.31141  5.40957  4.34159    172 l - - -
          2.68618  4.42225  2.77519  2.73123  3.46354  2.40513  3.72494  3.29354  2.67741  2.69355  4.24690  2.90347  2.73739  3.18146  2.89801  2.37887  2.77519  2.98518  4.58477  3.61503
          0.01225  4.80422  5.52656  0.61958  0.77255  0.48576  0.95510
    156   2.60190  3.58003  4.56725  3.96690  3.13899  3.96452  4.27759  2.57021  3.79685  2.39729  3.21740  4.05136  4.33036  3.96723  3.88073  2.75765  3.05390  2.29516  2.54817  1.59552    173 y - - -
          2.68618  4.42225  2.77519  2.73123  3.46354  2.40513  3.72494  3.29354  2.67741  2.69355  4.24690  2.90347  2.73739  3.18146  2.89801  2.37887  2.77519  2.98518  4.58477  3.61503
          0.01225  4.80422  5.52656  0.61958  0.77255  0.48576  0.95510
    157   3.01802  5.42325  3.31747  2.71999  4.80941  3.75447  3.71850  4.24306  1.56730  3.69764  4.47329  2.88625  4.13254  2.65905  1.57339  2.77441  2.50141  3.84031  5.79049  4.46652    174 k - - -
          2.68618  4.42225  2.77519  2.73123  3.46354  2.40513  3.72494  3.29354  2.67741  2.69355  4.24690  2.90347  2.73739  3.18146  2.89801  2.37887  2.77519  2.98518  4.58477  3.61503
          0.01225  4.80422  5.52656  0.61958  0.77255  0.48576  0.95510
    158   2.73557  4.12836  3.58007  3.02692  3.57137  3.72807  4.02874  3.21659  2.99444  2.91054  3.78870  2.75182  4.14267  3.31229  3.38041  1.58282  2.91709  2.96590  5.22817  1.97332    175 s - - -
          2.68618  4.42225  2.77519  2.73123  3.46354  2.40513  3.72494  3.29354  2.67741  2.69355  4.24690  2.90347  2.73739  3.18146  2.89801  2.37887  2.77519  2.98518  4.58477  3.61503
          0.01225  4.80422  5.52656  0.61958  0.77255  0.48576  0.95510
    159   3.04134  4.57460  4.89657  4.30691  3.17963  3.55130  4.69335  2.43118  4.15294  0.73341  3.08924  4.44298  4.67921  4.29331  4.24462  3.68240  3.42014  2.50330  5.17288  4.03586    176 l - - -
          2.68618  4.42225  2.77519  2.73123  3.46354  2.40513  3.72494  3.29354  2.67741  2.69355  4.24690  2.90347  2.73739  3.18146  2.89801  2.37887  2.77519  2.98518  4.58477  3.61503
          0.01225  4.80422  5.52656  0.61958  0.77255  0.48576  0.95510
    160   4.16086  5.75381  4.99610  5.02935  5.99252  0.10659  5.98805  5.90724  5.31516  5.38700  6.43072  5.16437  5.15125  5.56953  5.36575  4.36975  4.69914  5.26616  6.76109  6.15256    177 G - - -
          2.68618  4.42225  2.77519  2.73123  3.46354  2.40513  3.72494  3.29354  2.67741  2.69355  4.24690  2.90347  2.73739  3.18146  2.89801  2.37887  2.77519  2.98518  4.58477  3.61503
          0.01225  4.80422  5.52656  0.61958  0.77255  0.48576  0.95510
    161   3.13860  4.48121  5.06947  4.47368  1.75739  4.35104  4.65450  1.89200  4.28230  1.95426  3.36168  4.49399  4.66904  4.38727  4.29909  3.67419  3.36897  1.38271  4.29619  3.86675    178 v - - -
          2.68618  4.42225  2.77519  2.73123  3.46354  2.40513  3.72494  3.29354  2.67741  2.69355  4.24690  2.90347  2.73739  3.18146  2.89801  2.37887  2.77519  2.98518  4.58477  3.61503
          0.01225  4.80422  5.52656  0.61958  0.77255  0.48576  0.95510
    162   2.75753  3.10791  4.54773  3.95081  3.17637  3.68087  4.29543  2.67149  3.78582  1.15589  2.65292  4.04691  4.33156  3.96290  3.88045  2.70817  2.96564  2.48566  4.87055  3.68889    179 l - - -
          2.68618  4.42225  2.77519  2.73123  3.46354  2.40513  3.72494  3.29354  2.67741  2.69355  4.24690  2.90347  2.73739  3.18146  2.89801  2.37887  2.77519  2.98518  4.58477  3.61503
          0.01225  4.80422  5.52656  0.61958  0.77255  0.48576  0.95510
    163   2.18561  3.77311  4.39576  3.80410  2.99830  2.17291  4.25064  2.21113  3.66551  1.96693  3.38212  3.96333  4.30436  3.86638  3.80779  2.71474  2.72717  2.27017  4.88186  3.69464    180 l - - -
          2.68618  4.42225  2.77519  2.73123  3.46354  2.40513  3.72494  3.29354  2.67741  2.69355  4.24690  2.90347  2.73739  3.18146  2.89801  2.37887  2.77519  2.98518  4.58477  3.61503
          0.01225  4.80422  5.52656  0.61958  0.77255  0.48576  0.95510
    164   2.58939  4.70647  4.11944  4.09646  5.34427  0.42227  5.21540  4.84911  4.38556  4.53816  5.32334  4.03898  4.28492  4.55777  4.58456  2.64961  3.33560  4.02907  6.66723  5.52965    181 G - - -
          2.68618  4.42225  2.77519  2.73123  3.46354  2.40513  3.72494  3.29354  2.67741  2.69355  4.24690  2.90347  2.73739  3.18146  2.89801  2.37887  2.77519  2.98518  4.58477  3.61503
          0.01225  4.80422  5.52656  0.61958  0.77255  0.48576  0.95510
    165   1.91972  3.81012  4.64512  4.04504  3.35606  3.76589  4.34938  2.29285  3.87132  1.35974  2.76353  4.11875  4.37953  4.03728  3.94615  3.32219  2.95242  2.24669  4.89769  3.71815    182 l - - -
          2.68618  4.42225  2.77519  2.73123  3.46354  2.40513  3.72494  3.29354  2.67741  2.69355  4.24690  2.90347  2.73739  3.18146  2.89801  2.37887  2.77519  2.98518  4.58477  3.61503
          0.01225  4.80422  5.52656  0.61958  0.77255  0.48576  0.95510
    166   2.04237  4.23166  4.55122  3.95087  2.32374  3.55067  4.28195  2.58070  3.78391  1.67640  2.54805  4.04364  4.32607  3.95770  3.87320  2.99032  2.70862  2.29339  4.85093  3.66910    183 l - - -
          2.68618  4.42225  2.77519  2.73123  3.46354  2.40513  3.72494  3.29354  2.67741  2.69355  4.24690  2.90347  2.73739  3.18146  2.89801  2.37887  2.77519  2.98518  4.58477  3.61503
          0.01225  4.80422  5.52656  0.61958  0.77255  0.48576  0.95510
    167   3.12118  4.08732  5.15314  4.58622  3.71838  4.11134  4.92876  1.26698  4.42789  1.54244  3.63240  4.64531  4.82813  4.60000  4.49657  3.84168  3.32279  1.48793  5.40740  4.22182    184 i - - -
          2.68618  4.42225  2.77519  2.73123  3.46354  2.40513  3.72494  3.29354  2.67741  2.69355  4.24690  2.90347  2.73739  3.18146  2.89801  2.37887  2.77519  2.98518  4.58477  3.61503
          0.01225  4.80422  5.52656  0.61958  0.77255  0.48576  0.95510
    168   2.61806  4.33857  4.52290  3.94744  3.39311  3.69090  4.40898  2.12719  3.81129  2.53887  3.49259  3.93193  4.40791  4.01636  3.95385  3.19419  2.62987  1.04237  5.03908  3.85008    185 v - - -
          2.68618  4.42225  2.77519  2.73123  3.46354  2.40513  3.72494  3.29354  2.67741  2.69355  4.24690  2.90347  2.73739  3.18146  2.89801  2.37887  2.77519  2.98518  4.58477  3.61503
          0.01225  4.80422  5.52656  0.61958  0.77255  0.48576  0.95510
    169   3.80706  5.00487  5.83655  5.32951  3.83748  5.35320  5.89730  0.78895  5.23563  1.39601  3.57599  5.50791  5.48497  5.30976  5.30386  4.77459  4.04768  1.92692  6.03040  4.95495    186 i - - -
          2.68618  4.42225  2.77519  2.73123  3.46354  2.40513  3.72494  3.29354  2.67741  2.69355  4.24690  2.90347  2.73739  3.18146  2.89801  2.37887  2.77519  2.98518  4.58477  3.61503
          0.01225  4.80422  5.52656  0.61958  0.77255  0.48576  0.95510
    170   3.11403  4.60645  5.22303  4.62630  2.74888  4.52512  4.86971  1.93984  4.44531  1.04609  2.70545  4.67594  4.80933  4.52654  4.45803  3.85524  3.33023  1.85695  5.24969  4.13094    187 l - - -
          2.68618  4.42225  2.77519  2.73123  3.46354  2.40513  3.72494  3.29354  2.67741  2.69355  4.24690  2.90347  2.73739  3.18146  2.89801  2.37887  2.77519  2.98518  4.58477  3.61503
          0.01225  4.80422  5.52656  0.61958  0.77255  0.48576  0.95510
    171   3.86037  5.10512  5.80593  5.20800  2.49771  5.18493  5.47122  2.05106  5.05302  0.78457  2.00595  5.34802  5.27794  4.94564  4.99387  4.55091  4.06531  2.51496  5.55882  4.57716    188 l - - -
          2.68618  4.42225  2.77519  2.73123  3.46354  2.40513  3.72494  3.29354  2.67741  2.69355  4.24690  2.90347  2.73739  3.18146  2.89801  2.37887  2.77519  2.98518  4.58477  3.61503
          0.01225  4.80422  5.52656  0.61958  0.77255  0.48576  0.95510
    172   2.93938  4.30683  4.88121  4.27013  2.32905  4.11426  4.42880  1.87971  4.06241  1.56997  2.75212  4.26815  4.46005  4.17804  4.07134  3.42806  3.16958  2.22751  4.37375  2.38713    189 l - - -
          2.68618  4.42225  2.77519  2.73123  3.46354  2.40513  3.72494  3.29354  2.67741  2.69355  4.24690  2.90347  2.73739  3.18146  2.89801  2.37887  2.77519  2.98518  4.58477  3.61503
          0.00826  4.80023        *  0.61958  0.77255  0.00000        *
//
