HMMER3/f [3.1b1 | May 2013]
NAME  NOG.ENOG410XUW1.meta_raw
LENG  203
ALPH  amino
RF    no
MM    no
CONS  yes
CS    no
MAP   yes
DATE  Fri Apr 17 23:16:58 2015
NSEQ  90
EFFN  6.556091
CKSUM 1782638913
STATS LOCAL MSV      -10.4252  0.70517
STATS LOCAL VITERBI  -11.3930  0.70517
STATS LOCAL FORWARD   -4.5556  0.70517
HMM          A        C        D        E        F        G        H        I        K        L        M        N        P        Q        R        S        T        V        W        Y   
            m->m     m->i     m->d     i->m     i->i     d->m     d->d
  COMPO   2.62500  4.77922  2.98354  2.45590  3.49521  2.99148  3.97561  2.69787  2.55471  2.39382  3.64250  3.01997  3.38483  2.95247  3.01022  2.67588  2.89968  2.61405  4.56509  3.53383
          2.68626  4.42233  2.77520  2.73131  3.46362  2.40509  3.72486  3.29362  2.67735  2.69363  4.24382  2.90343  2.73747  3.18154  2.89808  2.37894  2.77527  2.98526  4.58485  3.61511
          1.04877  1.89824  0.69355  0.57019  0.83337  0.00000        *
      1   3.00063  4.54624  3.59497  3.66305  3.41012  4.05825  4.36707  2.66101  3.57933  2.54957  0.96663  3.95844  3.40377  3.83397  3.83115  3.34212  3.23871  2.63021  5.15519  3.95240      3 m - - -
          2.68625  4.42306  2.77519  2.73126  3.46273  2.40538  3.72576  3.29435  2.67748  2.69286  4.24415  2.90242  2.73821  3.18105  2.89882  2.37803  2.77601  2.98499  4.58558  3.61584
          0.19372  2.01117  3.16343  2.54175  0.08200  0.21498  1.64279
      2   3.21620  4.62974  4.95033  4.34895  3.30215  4.35866  4.67863  2.36277  3.22117  1.77073  1.13820  4.44174  4.72374  3.59083  3.48992  3.65961  2.89145  2.74603  5.24673  4.06574     20 m - - -
          2.68618  4.42225  2.77519  2.73123  3.46354  2.40513  3.72494  3.29354  2.67741  2.69355  4.24690  2.90347  2.73739  3.18146  2.89801  2.37887  2.77519  2.98518  4.58477  3.61503
          0.00586  5.53774  6.26009  0.61958  0.77255  0.42713  1.05665
      3   2.83787  5.65938  2.16121  1.49296  5.00467  2.79054  2.64665  3.50812  2.73399  3.96476  4.70004  2.94876  4.31451  2.66673  3.33623  2.67299  2.73014  3.93769  6.09187  4.68057     21 e - - -
          2.68706  4.42147  2.77592  2.72981  3.46216  2.40557  3.72583  3.29389  2.67652  2.69293  4.24353  2.90399  2.73828  3.18217  2.89668  2.37844  2.77608  2.98607  4.58370  3.61592
          0.13425  2.08939  6.28199  2.10068  0.13053  0.48576  0.95510
      4   2.32387  5.11955  3.79117  2.34005  2.67400  2.95231  3.60346  3.27152  3.01866  3.03419  3.16281  3.56752  4.47043  2.65901  3.62801  2.47629  2.72583  3.20144  2.29959  3.69808     34 w - - -
          2.68618  4.42225  2.77519  2.73123  3.46354  2.40513  3.72494  3.29354  2.67741  2.69355  4.24690  2.90347  2.73739  3.18146  2.89801  2.37887  2.77519  2.98518  4.58477  3.61503
          0.00566  5.57335  6.29570  0.61958  0.77255  0.48576  0.95510
      5   4.34930  4.70682  6.37644  5.80332  3.42519  5.74177  6.10897  1.92452  5.65904  0.53076  3.56250  5.91935  5.86937  5.60755  5.62343  5.11907  4.56837  2.01845  6.23338  5.21709     35 L - - -
          2.68618  4.42225  2.77519  2.73123  3.46354  2.40513  3.72494  3.29354  2.67741  2.69355  4.24690  2.90347  2.73739  3.18146  2.89801  2.37887  2.77519  2.98518  4.58477  3.61503
          0.00560  5.58302  6.30537  0.61958  0.77255  0.48576  0.95510
      6   2.78827  5.57501  3.21560  2.80139  4.41211  2.46679  4.14487  3.88884  1.95004  3.31858  4.12215  2.81321  4.34568  3.25550  3.01242  2.55629  2.68322  3.94443  6.03187  1.72916     36 y - - -
          2.68618  4.42225  2.77519  2.73123  3.46354  2.40513  3.72494  3.29354  2.67741  2.69355  4.24690  2.90347  2.73739  3.18146  2.89801  2.37887  2.77519  2.98518  4.58477  3.61503
          0.00560  5.58302  6.30537  0.61958  0.77255  0.48576  0.95510
      7   2.55051  5.67121  2.57778  1.73948  5.01689  2.68217  4.11965  4.50330  2.72025  3.22128  4.39027  2.76837  4.32614  2.18199  2.84294  2.26067  2.82829  3.70546  6.10352  4.69220     37 e - - -
          2.68618  4.42225  2.77519  2.73123  3.46354  2.40513  3.72494  3.29354  2.67741  2.69355  4.24690  2.90347  2.73739  3.18146  2.89801  2.37887  2.77519  2.98518  4.58477  3.61503
          0.00560  5.58302  6.30537  0.61958  0.77255  0.48576  0.95510
      8   3.93058  5.25870  5.70134  5.15829  3.40061  5.06030  4.97613  3.26225  4.95894  2.29914  3.74854  5.10347  5.36206  5.00975  4.96108  4.38739  3.85992  3.23611  0.49134  3.18967     38 W - - -
          2.68618  4.42225  2.77519  2.73123  3.46354  2.40513  3.72494  3.29354  2.67741  2.69355  4.24690  2.90347  2.73739  3.18146  2.89801  2.37887  2.77519  2.98518  4.58477  3.61503
          0.00560  5.58302  6.30537  0.61958  0.77255  0.48576  0.95510
      9   3.20291  4.25825  5.79398  5.22731  4.23563  5.08801  5.51872  1.28097  5.05994  1.41116  2.76952  5.25490  5.39937  5.21226  5.09954  4.43353  3.78793  1.36789  5.95470  4.77529     39 i - - -
          2.68618  4.42225  2.77519  2.73123  3.46354  2.40513  3.72494  3.29354  2.67741  2.69355  4.24690  2.90347  2.73739  3.18146  2.89801  2.37887  2.77519  2.98518  4.58477  3.61503
          0.00560  5.58302  6.30537  0.61958  0.77255  0.48576  0.95510
     10   2.99210  5.59608  3.44809  2.57906  4.90973  3.95228  4.14179  2.96479  1.66130  3.26564  4.64533  3.43329  4.34473  2.04460  1.89223  2.89482  2.54929  3.43186  5.10793  4.65767     40 k - - -
          2.68618  4.42225  2.77519  2.73123  3.46354  2.40513  3.72494  3.29354  2.67741  2.69355  4.24690  2.90347  2.73739  3.18146  2.89801  2.37887  2.77519  2.98518  4.58477  3.61503
          0.00560  5.58302  6.30537  0.61958  0.77255  0.48576  0.95510
     11   3.08715  4.10603  2.89266  2.43758  5.01328  3.59462  4.12104  4.49876  2.56783  3.97392  4.70985  1.35895  4.32729  2.34881  3.18208  2.39119  2.35352  3.72822  6.10207  4.69151     41 n - - -
          2.68618  4.42225  2.77519  2.73123  3.46354  2.40513  3.72494  3.29354  2.67741  2.69355  4.24690  2.90347  2.73739  3.18146  2.89801  2.37887  2.77519  2.98518  4.58477  3.61503
          0.00560  5.58302  6.30537  0.61958  0.77255  0.48576  0.95510
     12   4.41808  5.58714  6.54352  6.05567  3.67569  6.05396  6.67069  0.78876  5.99730  1.44944  4.21343  6.23004  6.15453  6.05679  6.05956  5.49712  4.66013  1.52289  6.73619  5.66298     42 i - - -
          2.68618  4.42225  2.77519  2.73123  3.46354  2.40513  3.72494  3.29354  2.67741  2.69355  4.24690  2.90347  2.73739  3.18146  2.89801  2.37887  2.77519  2.98518  4.58477  3.61503
          0.00560  5.58302  6.30537  0.61958  0.77255  0.48576  0.95510
     13   1.88817  3.47940  5.28044  4.67156  3.07952  4.50022  4.84583  1.63659  4.46304  2.56565  3.80549  4.66201  4.86011  4.59925  4.47737  3.32974  3.13596  1.22129  5.33799  4.16013     43 v - - -
          2.68618  4.42225  2.77519  2.73123  3.46354  2.40513  3.72494  3.29354  2.67741  2.69355  4.24690  2.90347  2.73739  3.18146  2.89801  2.37887  2.77519  2.98518  4.58477  3.61503
          0.00560  5.58302  6.30537  0.61958  0.77255  0.48576  0.95510
     14   2.48634  2.91716  5.21157  4.59566  2.11214  4.11434  4.74412  2.42254  4.37872  1.76667  3.31377  4.57516  4.77375  4.50841  4.38406  3.33680  2.38919  1.91910  5.23557  2.64433     44 l - - -
          2.68618  4.42225  2.77519  2.73123  3.46354  2.40513  3.72494  3.29354  2.67741  2.69355  4.24690  2.90347  2.73739  3.18146  2.89801  2.37887  2.77519  2.98518  4.58477  3.61503
          0.00560  5.58302  6.30537  0.61958  0.77255  0.48576  0.95510
     15   2.76732  4.20553  5.21526  4.59917  2.05339  3.61035  4.74520  1.87181  4.38155  2.04892  3.59677  4.57714  4.77467  4.51062  4.38579  3.72290  3.36081  1.90986  3.97820  1.88236     45 i - - -
          2.68618  4.42225  2.77519  2.73123  3.46354  2.40513  3.72494  3.29354  2.67741  2.69355  4.24690  2.90347  2.73739  3.18146  2.89801  2.37887  2.77519  2.98518  4.58477  3.61503
          0.00560  5.58302  6.30537  0.61958  0.77255  0.48576  0.95510
     16   2.63087  4.61417  5.21052  4.59473  2.48451  4.41042  3.88356  1.76071  4.37812  1.70321  2.55023  4.57497  4.77401  4.50806  4.38398  3.31949  3.23088  1.79667  5.23612  2.94373     46 l - - -
          2.68618  4.42225  2.77519  2.73123  3.46354  2.40513  3.72494  3.29354  2.67741  2.69355  4.24690  2.90347  2.73739  3.18146  2.89801  2.37887  2.77519  2.98518  4.58477  3.61503
          0.00560  5.58302  6.30537  0.61958  0.77255  0.48576  0.95510
     17   3.95400  4.48529  5.97359  5.39077  2.13556  5.26467  5.64237  1.25306  5.21747  1.29278  3.25776  5.43603  5.51861  5.28053  5.21664  4.61159  4.18392  1.73095  5.96489  4.85662     47 i - - -
          2.68618  4.42225  2.77519  2.73123  3.46354  2.40513  3.72494  3.29354  2.67741  2.69355  4.24690  2.90347  2.73739  3.18146  2.89801  2.37887  2.77519  2.98518  4.58477  3.61503
          0.00560  5.58302  6.30537  0.61958  0.77255  0.48576  0.95510
     18   4.83698  5.99613  6.83076  6.23528  1.42702  6.27631  6.51028  2.01357  6.10886  0.72245  2.96716  6.47051  6.16998  5.81612  5.96414  5.69562  5.02086  3.09625  6.33804  5.45542     48 l - - -
          2.68618  4.42225  2.77519  2.73123  3.46354  2.40513  3.72494  3.29354  2.67741  2.69355  4.24690  2.90347  2.73739  3.18146  2.89801  2.37887  2.77519  2.98518  4.58477  3.61503
          0.00560  5.58302  6.30537  0.61958  0.77255  0.48576  0.95510
     19   1.65456  4.62068  5.17079  4.55793  2.94675  3.87553  4.73895  2.24630  4.35042  1.90700  2.69087  4.55815  4.77080  4.48810  4.37069  2.82320  2.19563  2.04177  5.24272  4.06597     49 a - - -
          2.68618  4.42225  2.77519  2.73123  3.46354  2.40513  3.72494  3.29354  2.67741  2.69355  4.24690  2.90347  2.73739  3.18146  2.89801  2.37887  2.77519  2.98518  4.58477  3.61503
          0.00560  5.58302  6.30537  0.61958  0.77255  0.48576  0.95510
     20   2.35384  4.98567  3.67092  3.28571  4.13367  2.96843  4.40017  2.70685  3.38368  3.10557  3.73412  3.34482  4.53652  3.69599  3.76169  2.39050  1.28952  2.22581  5.55976  4.31336     50 t - - -
          2.68618  4.42225  2.77519  2.73123  3.46354  2.40513  3.72494  3.29354  2.67741  2.69355  4.24690  2.90347  2.73739  3.18146  2.89801  2.37887  2.77519  2.98518  4.58477  3.61503
          0.00560  5.58302  6.30537  0.61958  0.77255  0.48576  0.95510
     21   1.72085  4.90591  5.56273  4.96729  1.68088  4.81146  5.17792  2.08895  4.77340  2.13880  3.54371  4.97534  5.14155  4.89911  4.78994  4.13792  3.80581  1.41852  5.62719  4.46196     51 v - - -
          2.68618  4.42225  2.77519  2.73123  3.46354  2.40513  3.72494  3.29354  2.67741  2.69355  4.24690  2.90347  2.73739  3.18146  2.89801  2.37887  2.77519  2.98518  4.58477  3.61503
          0.00560  5.58302  6.30537  0.61958  0.77255  0.48576  0.95510
     22   2.52965  5.04491  5.76510  5.18857  2.89453  5.04608  5.45182  1.48405  5.01308  1.96109  3.29394  5.21281  5.35479  5.14592  5.04069  4.38651  3.97919  1.01471  5.87557  4.71024     52 v - - -
          2.68618  4.42225  2.77519  2.73123  3.46354  2.40513  3.72494  3.29354  2.67741  2.69355  4.24690  2.90347  2.73739  3.18146  2.89801  2.37887  2.77519  2.98518  4.58477  3.61503
          0.00560  5.58302  6.30537  0.61958  0.77255  0.48576  0.95510
     23   3.17387  4.69352  2.10636  1.46970  3.39889  3.64002  3.98985  3.63428  3.01454  2.16081  2.83336  3.08303  4.39692  3.36367  3.25799  3.08204  3.04271  3.46269  5.87074  4.53748     53 e - - -
          2.68618  4.42225  2.77519  2.73123  3.46354  2.40513  3.72494  3.29354  2.67741  2.69355  4.24690  2.90347  2.73739  3.18146  2.89801  2.37887  2.77519  2.98518  4.58477  3.61503
          0.00560  5.58302  6.30537  0.61958  0.77255  0.48576  0.95510
     24   3.06320  4.69730  4.72785  4.13911  2.98686  4.33797  2.43919  2.59793  4.01357  1.56727  2.10275  2.04985  4.70699  3.08520  4.18243  3.46412  3.46199  2.87046  5.30925  3.80163     54 l - - -
          2.68618  4.42225  2.77519  2.73123  3.46354  2.40513  3.72494  3.29354  2.67741  2.69355  4.24690  2.90347  2.73739  3.18146  2.89801  2.37887  2.77519  2.98518  4.58477  3.61503
          0.00560  5.58302  6.30537  0.61958  0.77255  0.48576  0.95510
     25   2.56563  5.30496  5.99388  5.39400  3.37256  5.27586  5.60913  1.91625  5.21095  0.67639  2.61496  5.44586  5.50871  5.22879  5.18770  4.61674  4.22891  2.53567  5.89306  4.81820     55 L - - -
          2.68618  4.42225  2.77519  2.73123  3.46354  2.40513  3.72494  3.29354  2.67741  2.69355  4.24690  2.90347  2.73739  3.18146  2.89801  2.37887  2.77519  2.98518  4.58477  3.61503
          0.00560  5.58302  6.30537  0.61958  0.77255  0.48576  0.95510
     26   3.16795  4.91235  5.53967  4.94248  3.94490  4.79802  5.15995  1.85118  4.74894  0.69017  3.50827  4.95821  4.36074  4.87172  4.76812  3.89176  3.80478  2.16253  5.60925  4.45037     56 L - - -
          2.68618  4.42225  2.77519  2.73123  3.46354  2.40513  3.72494  3.29354  2.67741  2.69355  4.24690  2.90347  2.73739  3.18146  2.89801  2.37887  2.77519  2.98518  4.58477  3.61503
          0.02839  5.58302  3.72012  0.61958  0.77255  0.48576  0.95510
     27   2.96290  5.41906  4.91300  4.89463  6.13750  3.54237  5.94542  5.65476  4.99580  5.30738  6.08560  4.78628  0.22563  5.28582  4.31982  3.68332  4.05912  4.78876  7.40636  6.32635     57 P - - -
          2.68618  4.42225  2.77519  2.73123  3.46354  2.40513  3.72494  3.29354  2.67741  2.69355  4.24690  2.90347  2.73739  3.18146  2.89801  2.37887  2.77519  2.98518  4.58477  3.61503
          0.00573  5.56036  6.28271  0.61958  0.77255  0.42412  1.06232
     28   2.61507  5.71571  1.78061  2.40255  5.05982  2.34901  4.15343  4.54804  2.66164  4.02071  4.75809  1.81810  4.08564  3.05750  3.39357  2.24272  3.06326  4.10612  6.14779  4.73255     58 d - - -
          2.68618  4.42225  2.77519  2.73123  3.46354  2.40513  3.72494  3.29354  2.67741  2.69355  4.24690  2.90347  2.73739  3.18146  2.89801  2.37887  2.77519  2.98518  4.58477  3.61503
          0.00560  5.58302  6.30537  0.61958  0.77255  0.48576  0.95510
     29   3.00255  5.67648  2.38474  2.30941  5.02268  2.31589  4.12225  4.50965  1.94435  3.98222  4.71697  2.22992  4.09200  3.00194  2.73581  1.96528  3.10155  4.06775  6.10836  4.69638     59 k - - -
          2.68618  4.42225  2.77519  2.73123  3.46354  2.40513  3.72494  3.29354  2.67741  2.69355  4.24690  2.90347  2.73739  3.18146  2.89801  2.37887  2.77519  2.98518  4.58477  3.61503
          0.00560  5.58302  6.30537  0.61958  0.77255  0.48576  0.95510
     30   2.09619  5.67010  2.75913  2.85237  5.01523  3.08747  4.12020  4.06409  1.66565  3.97540  4.71079  2.56888  4.32663  2.80706  2.73835  1.87657  2.99941  3.87123  6.10276  4.69182     60 k - - -
          2.68618  4.42225  2.77519  2.73123  3.46354  2.40513  3.72494  3.29354  2.67741  2.69355  4.24690  2.90347  2.73739  3.18146  2.89801  2.37887  2.77519  2.98518  4.58477  3.61503
          0.00560  5.58302  6.30537  0.61958  0.77255  0.48576  0.95510
     31   3.25115  4.06801  4.63732  4.59183  3.40586  4.42063  4.75277  2.62177  4.37901  2.02344  1.67055  4.27058  4.78338  4.51113  4.39019  3.73185  3.48330  2.36324  5.24678  1.32730     61 y - - -
          2.68618  4.42225  2.77519  2.73123  3.46354  2.40513  3.72494  3.29354  2.67741  2.69355  4.24690  2.90347  2.73739  3.18146  2.89801  2.37887  2.77519  2.98518  4.58477  3.61503
          0.00560  5.58302  6.30537  0.61958  0.77255  0.48576  0.95510
     32   3.17153  5.68154  3.18861  1.84367  5.02928  3.29687  3.77418  4.51425  1.51873  3.54295  4.72222  3.30466  4.33626  2.20285  1.91105  3.13336  3.40198  3.70724  6.11091  4.70241     62 k - - -
          2.68618  4.42225  2.77519  2.73123  3.46354  2.40513  3.72494  3.29354  2.67741  2.69355  4.24690  2.90347  2.73739  3.18146  2.89801  2.37887  2.77519  2.98518  4.58477  3.61503
          0.00560  5.58302  6.30537  0.61958  0.77255  0.48576  0.95510
     33   4.35559  6.44231  4.98770  4.04660  6.09919  4.88791  4.62070  5.33128  0.73729  4.62672  5.51024  4.37092  3.47998  3.08026  1.17772  3.76024  4.44561  5.01406  6.55459  5.49324     63 k - - -
          2.68618  4.42225  2.77519  2.73123  3.46354  2.40513  3.72494  3.29354  2.67741  2.69355  4.24690  2.90347  2.73739  3.18146  2.89801  2.37887  2.77519  2.98518  4.58477  3.61503
          0.00560  5.58302  6.30537  0.61958  0.77255  0.48576  0.95510
     34   5.33912  6.34480  6.30701  6.17428  2.92669  5.92902  3.91864  3.68954  5.92150  4.13543  4.28298  5.51081  6.18892  5.65515  5.76128  5.32302  5.53753  4.86458  4.74689  0.20086     64 Y - - -
          2.68618  4.42225  2.77519  2.73123  3.46354  2.40513  3.72494  3.29354  2.67741  2.69355  4.24690  2.90347  2.73739  3.18146  2.89801  2.37887  2.77519  2.98518  4.58477  3.61503
          0.00560  5.58302  6.30537  0.61958  0.77255  0.48576  0.95510
     35   2.31091  4.18765  5.32141  4.71403  3.44486  4.31276  4.88728  1.34416  4.50564  2.26192  3.22741  4.70228  4.89533  4.64155  4.51832  3.72321  3.44758  1.23592  5.37486  4.19663     65 v - - -
          2.68618  4.42225  2.77519  2.73123  3.46354  2.40513  3.72494  3.29354  2.67741  2.69355  4.24690  2.90347  2.73739  3.18146  2.89801  2.37887  2.77519  2.98518  4.58477  3.61503
          0.00560  5.58302  6.30537  0.61958  0.77255  0.48576  0.95510
     36   3.22990  5.72422  3.35977  2.92090  5.08069  3.63278  3.82637  4.55682  1.60734  4.02320  4.76614  2.58778  4.38450  2.44103  1.27795  2.86219  3.45658  4.12192  6.13991  4.11112     66 r - - -
          2.68618  4.42225  2.77519  2.73123  3.46354  2.40513  3.72494  3.29354  2.67741  2.69355  4.24690  2.90347  2.73739  3.18146  2.89801  2.37887  2.77519  2.98518  4.58477  3.61503
          0.00560  5.58302  6.30537  0.61958  0.77255  0.48576  0.95510
     37   3.24233  4.61673  5.20771  4.59230  1.55531  4.41194  4.35246  2.66807  4.37678  1.66619  2.51281  4.57489  4.77537  4.50737  4.38422  3.29490  2.62205  2.08836  5.23778  2.71537     67 f - - -
          2.68618  4.42225  2.77519  2.73123  3.46354  2.40513  3.72494  3.29354  2.67741  2.69355  4.24690  2.90347  2.73739  3.18146  2.89801  2.37887  2.77519  2.98518  4.58477  3.61503
          0.00560  5.58302  6.30537  0.61958  0.77255  0.48576  0.95510
     38   2.52478  4.79127  5.38803  4.79224  1.48220  4.63021  4.92843  2.50120  4.58963  2.89837  3.89338  4.77948  4.98235  4.71959  4.60612  3.94937  3.67017  1.09857  5.38097  2.65724     68 v - - -
          2.68618  4.42225  2.77519  2.73123  3.46354  2.40513  3.72494  3.29354  2.67741  2.69355  4.24690  2.90347  2.73739  3.18146  2.89801  2.37887  2.77519  2.98518  4.58477  3.61503
          0.00560  5.58302  6.30537  0.61958  0.77255  0.48576  0.95510
     39   2.47557  3.47311  5.18867  4.57491  3.71325  4.06589  4.74418  2.25459  4.36404  1.73390  1.91154  4.56739  4.77454  4.49885  4.37883  2.70540  2.23466  1.98150  5.24322  4.06679     69 l - - -
          2.68618  4.42225  2.77519  2.73123  3.46354  2.40513  3.72494  3.29354  2.67741  2.69355  4.24690  2.90347  2.73739  3.18146  2.89801  2.37887  2.77519  2.98518  4.58477  3.61503
          0.00560  5.58302  6.30537  0.61958  0.77255  0.48576  0.95510
     40   3.92076  6.22836  3.37762  3.09175  6.06596  0.48349  5.06462  5.59826  4.12617  5.10813  5.96254  3.22147  4.96517  3.79537  4.68198  1.94670  4.31736  5.03821  7.26180  5.79564     70 G - - -
          2.68618  4.42225  2.77519  2.73123  3.46354  2.40513  3.72494  3.29354  2.67741  2.69355  4.24690  2.90347  2.73739  3.18146  2.89801  2.37887  2.77519  2.98518  4.58477  3.61503
          0.00560  5.58302  6.30537  0.61958  0.77255  0.48576  0.95510
     41   3.96051  4.41691  6.24579  5.63969  2.32135  5.55067  5.84852  2.73273  5.46303  0.48154  2.48078  5.72665  5.70499  5.39448  5.40422  4.90311  4.47565  3.12249  6.01258  4.99798     71 L - - -
          2.68618  4.42225  2.77519  2.73123  3.46354  2.40513  3.72494  3.29354  2.67741  2.69355  4.24690  2.90347  2.73739  3.18146  2.89801  2.37887  2.77519  2.98518  4.58477  3.61503
          0.00560  5.58302  6.30537  0.61958  0.77255  0.48576  0.95510
     42   3.22532  4.36251  5.48696  4.88684  2.88906  4.71720  5.07832  1.72155  4.68604  1.10051  3.54577  4.88367  5.05759  4.81492  4.69873  4.04026  3.15249  1.57303  5.54078  4.37066     72 l - - -
          2.68618  4.42225  2.77519  2.73123  3.46354  2.40513  3.72494  3.29354  2.67741  2.69355  4.24690  2.90347  2.73739  3.18146  2.89801  2.37887  2.77519  2.98518  4.58477  3.61503
          0.00560  5.58302  6.30537  0.61958  0.77255  0.48576  0.95510
     43   3.95767  5.58638  6.37875  5.80352  3.22299  5.74202  6.10384  1.67369  5.65776  0.65729  3.28894  5.91979  5.86738  5.60138  5.61916  5.11850  4.57228  1.93811  6.22521  5.21234     73 L - - -
          2.68618  4.42225  2.77519  2.73123  3.46354  2.40513  3.72494  3.29354  2.67741  2.69355  4.24690  2.90347  2.73739  3.18146  2.89801  2.37887  2.77519  2.98518  4.58477  3.61503
          0.00560  5.58302  6.30537  0.61958  0.77255  0.48576  0.95510
     44   2.85720  4.82403  5.46414  4.86715  3.94679  4.70803  5.07502  1.08916  4.67051  1.44588  2.75091  4.87024  5.05263  4.80938  4.69191  3.55734  3.47010  2.00075  5.54985  4.37375     74 i - - -
          2.68618  4.42225  2.77519  2.73123  3.46354  2.40513  3.72494  3.29354  2.67741  2.69355  4.24690  2.90347  2.73739  3.18146  2.89801  2.37887  2.77519  2.98518  4.58477  3.61503
          0.00560  5.58302  6.30537  0.61958  0.77255  0.48576  0.95510
     45   3.04573  4.62072  5.21080  4.59571  2.98691  4.41693  4.75091  2.01547  4.38081  0.98408  3.46431  4.57945  4.33112  4.51175  4.38897  3.30684  2.90802  2.02736  5.24377  3.50492     75 l - - -
          2.68618  4.42225  2.77519  2.73123  3.46354  2.40513  3.72494  3.29354  2.67741  2.69355  4.24690  2.90347  2.73739  3.18146  2.89801  2.37887  2.77519  2.98518  4.58477  3.61503
          0.00560  5.58302  6.30537  0.61958  0.77255  0.48576  0.95510
     46   2.13303  4.63237  5.14966  4.53960  3.72796  3.71014  4.74528  2.03803  4.33911  1.57792  2.98822  4.55451  4.77677  4.48279  4.37040  3.34848  1.68890  2.17920  5.25801  4.08043     76 l - - -
          2.68618  4.42225  2.77519  2.73123  3.46354  2.40513  3.72494  3.29354  2.67741  2.69355  4.24690  2.90347  2.73739  3.18146  2.89801  2.37887  2.77519  2.98518  4.58477  3.61503
          0.00560  5.58302  6.30537  0.61958  0.77255  0.48576  0.95510
     47   3.42640  5.18659  5.90560  5.32026  2.15847  5.18725  5.56315  1.40323  5.14263  1.43197  2.86950  5.35749  5.45635  5.21810  5.14501  4.53002  4.12104  1.49652  5.91050  4.79163     77 i - - -
          2.68618  4.42225  2.77519  2.73123  3.46354  2.40513  3.72494  3.29354  2.67741  2.69355  4.24690  2.90347  2.73739  3.18146  2.89801  2.37887  2.77519  2.98518  4.58477  3.61503
          0.00560  5.58302  6.30537  0.61958  0.77255  0.48576  0.95510
     48   2.78033  3.35995  5.27307  4.65948  3.05839  4.47643  4.81400  1.59476  4.44503  1.05734  2.95732  4.64203  4.83483  4.57250  4.45057  3.38502  3.52963  2.47446  5.29782  4.12469     78 l - - -
          2.68618  4.42225  2.77519  2.73123  3.46354  2.40513  3.72494  3.29354  2.67741  2.69355  4.24690  2.90347  2.73739  3.18146  2.89801  2.37887  2.77519  2.98518  4.58477  3.61503
          0.00560  5.58302  6.30537  0.61958  0.77255  0.48576  0.95510
     49   2.91789  5.66189  3.41373  2.49811  5.00277  3.77111  4.12453  4.48540  2.78418  3.96523  4.05506  2.12390  4.33059  2.55090  2.71535  1.40726  2.10818  4.05035  6.09705  4.68915     79 s - - -
          2.68618  4.42225  2.77519  2.73123  3.46354  2.40513  3.72494  3.29354  2.67741  2.69355  4.24690  2.90347  2.73739  3.18146  2.89801  2.37887  2.77519  2.98518  4.58477  3.61503
          0.00560  5.58302  6.30537  0.61958  0.77255  0.48576  0.95510
     50   3.91749  5.78316  5.42885  5.46019  6.36882  4.51860  6.38828  5.96927  5.59305  5.61303  6.50083  5.27147  0.13561  5.83388  5.66922  4.12623  3.37491  5.16960  7.52794  6.59099     80 P - - -
          2.68618  4.42225  2.77519  2.73123  3.46354  2.40513  3.72494  3.29354  2.67741  2.69355  4.24690  2.90347  2.73739  3.18146  2.89801  2.37887  2.77519  2.98518  4.58477  3.61503
          0.00560  5.58302  6.30537  0.61958  0.77255  0.48576  0.95510
     51   3.31261  4.91158  5.58717  4.99592  3.11860  4.15514  5.21418  1.19537  4.80438  1.63766  3.38333  5.00262  5.16764  4.93732  4.82383  4.16563  3.81885  1.34131  5.66710  4.49653     81 i - - -
          2.68618  4.42225  2.77519  2.73123  3.46354  2.40513  3.72494  3.29354  2.67741  2.69355  4.24690  2.90347  2.73739  3.18146  2.89801  2.37887  2.77519  2.98518  4.58477  3.61503
          0.00560  5.58302  6.30537  0.61958  0.77255  0.48576  0.95510
     52   2.88468  4.61715  5.19843  4.58365  1.83212  4.41038  4.74377  2.11293  4.37011  1.33201  3.08509  4.24450  4.77401  4.50261  4.05047  3.22391  2.65880  2.20042  5.23936  4.06329     82 l - - -
          2.68618  4.42225  2.77519  2.73123  3.46354  2.40513  3.72494  3.29354  2.67741  2.69355  4.24690  2.90347  2.73739  3.18146  2.89801  2.37887  2.77519  2.98518  4.58477  3.61503
          0.00560  5.58302  6.30537  0.61958  0.77255  0.48576  0.95510
     53   2.27240  5.67153  3.25457  2.50582  5.01735  2.52804  4.11962  4.50384  1.92102  3.77730  4.71201  2.99636  3.87816  2.27192  2.47706  1.99291  3.00074  3.64983  6.10376  4.69238     83 k - - -
          2.68618  4.42225  2.77519  2.73123  3.46354  2.40513  3.72494  3.29354  2.67741  2.69355  4.24690  2.90347  2.73739  3.18146  2.89801  2.37887  2.77519  2.98518  4.58477  3.61503
          0.00560  5.58302  6.30537  0.61958  0.77255  0.48576  0.95510
     54   2.66079  4.61750  5.18100  4.56719  2.23307  3.49099  4.73869  1.91484  3.70468  1.30447  3.73633  3.89366  4.77019  4.49230  4.37287  3.38287  3.47152  2.14418  3.25396  4.06248     84 l - - -
          2.68618  4.42225  2.77519  2.73123  3.46354  2.40513  3.72494  3.29354  2.67741  2.69355  4.24690  2.90347  2.73739  3.18146  2.89801  2.37887  2.77519  2.98518  4.58477  3.61503
          0.00560  5.58302  6.30537  0.61958  0.77255  0.48576  0.95510
     55   2.66570  4.61791  5.17766  4.56406  1.70077  3.52442  4.73807  2.19521  3.84791  1.54331  3.28439  4.55995  4.76977  4.49050  4.37163  3.25291  2.16255  2.62380  4.28723  4.06277     85 l - - -
          2.68618  4.42225  2.77519  2.73123  3.46354  2.40513  3.72494  3.29354  2.67741  2.69355  4.24690  2.90347  2.73739  3.18146  2.89801  2.37887  2.77519  2.98518  4.58477  3.61503
          0.02839  5.58302  3.72012  0.61958  0.77255  0.48576  0.95510
     56   2.99515  5.66214  2.48126  2.70484  5.00825  1.79798  3.55959  4.49502  2.37979  3.96782  4.70262  2.40843  4.31509  2.67547  2.37405  2.15307  2.93394  4.05336  6.09409  4.68238     86 g - - -
          2.68618  4.42225  2.77519  2.73123  3.46354  2.40513  3.72494  3.29354  2.67741  2.69355  4.24690  2.90347  2.73739  3.18146  2.89801  2.37887  2.77519  2.98518  4.58477  3.61503
          0.00573  5.56036  6.28271  0.61958  0.77255  0.59298  0.80448
     57   2.72332  5.62508  3.03415  2.76202  4.95632  2.61517  3.60355  3.94491  2.00175  2.61053  2.33527  3.05683  4.32002  2.81490  2.92843  2.19809  2.68510  3.79000  6.06613  4.66367     87 k - - -
          2.68620  4.42227  2.77521  2.73125  3.46356  2.40494  3.72496  3.29356  2.67742  2.69357  4.24691  2.90348  2.73741  3.18148  2.89802  2.37888  2.77521  2.98520  4.58479  3.61505
          0.05300  3.50656  3.83397  0.32703  1.27677  0.59298  0.80448
     58   2.98168  5.67759  1.69869  1.89375  5.02258  2.06593  4.11777  4.51044  2.58433  3.98285  4.71915  2.41193  3.66677  3.13235  3.01021  2.60798  3.25366  4.06835  6.10941  4.69530     89 d - - -
          2.68618  4.42225  2.77519  2.73123  3.46354  2.40513  3.72494  3.29354  2.67741  2.69355  4.24690  2.90347  2.73739  3.18146  2.89801  2.37887  2.77519  2.98518  4.58477  3.61503
          0.00585  5.54041  6.26276  0.61958  0.77255  0.38244  1.14633
     59   2.69892  5.64073  2.23875  2.13985  2.94431  2.96604  3.97149  3.10539  2.52198  3.94065  4.38435  2.83249  2.58949  2.50506  3.35762  2.73721  3.22589  3.36172  3.73964  4.45843     90 e - - -
          2.68606  4.42241  2.77487  2.73107  3.46349  2.40529  3.72510  3.29370  2.67720  2.69364  4.24706  2.90324  2.73755  3.18144  2.89816  2.37887  2.77519  2.98534  4.58493  3.61519
          0.23582  1.62485  4.33264  0.17251  1.84231  0.48576  0.95510
     60   2.38970  5.65995  2.09441  2.09987  4.17031  3.92726  3.92683  3.31262  2.12493  3.55408  3.65643  2.64823  4.13386  2.73296  2.95683  2.51147  2.62451  3.68229  6.09355  4.68351     93 d - - -
          2.68618  4.42225  2.77519  2.73123  3.46354  2.40513  3.72494  3.29354  2.67741  2.69355  4.24690  2.90347  2.73739  3.18146  2.89801  2.37887  2.77519  2.98518  4.58477  3.61503
          0.03671  5.57165  3.43443  0.61958  0.77255  0.45253  1.01064
     61   3.21678  4.62498  3.21540  4.37881  2.39006  4.36290  4.68541  1.87368  4.20558  1.18478  3.58491  4.17054  3.68752  3.13681  4.28382  3.29958  3.44891  2.42157  4.66117  4.06229     94 l - - -
          2.68618  4.42225  2.77519  2.73123  3.46354  2.40513  3.72494  3.29354  2.67741  2.69355  4.24690  2.90347  2.73739  3.18146  2.89801  2.37887  2.77519  2.98518  4.58477  3.61503
          0.00578  5.55251  6.27485  0.61958  0.77255  0.40655  1.09644
     62   2.19850  5.48884  3.18088  1.81946  3.46046  3.17277  4.17027  3.81822  2.76025  2.01146  4.54881  2.72531  4.36523  3.29607  3.32592  2.58868  2.55366  3.45823  5.96625  3.70105     95 e - - -
          2.68618  4.42225  2.77519  2.73123  3.46354  2.40513  3.72494  3.29354  2.67741  2.69355  4.24690  2.90347  2.73739  3.18146  2.89801  2.37887  2.77519  2.98518  4.58477  3.61503
          0.04214  5.58302  3.28336  0.61958  0.77255  0.48576  0.95510
     63   2.49860  5.64324  2.60925  1.87427  3.39670  2.85786  4.10137  4.19146  2.41734  3.55378  4.68463  3.13076  3.87217  2.67722  2.86005  2.07356  3.14990  2.92523  6.07760  3.79050     96 e - - -
          2.68621  4.42228  2.77523  2.73126  3.46357  2.40516  3.72498  3.29357  2.67744  2.69358  4.24693  2.90350  2.73690  3.18150  2.89804  2.37890  2.77523  2.98522  4.58480  3.61506
          0.05488  2.96609  6.26904  0.23840  1.55065  0.65146  0.73665
     64   2.41046  5.30490  2.95464  2.87638  3.36214  3.27995  4.20629  2.85537  2.36732  2.61922  3.29786  2.97196  3.49107  3.27952  2.87305  2.48841  3.28588  2.97252  5.81764  2.32177     98 y - - -
          2.68618  4.42225  2.77519  2.73123  3.46354  2.40513  3.72494  3.29354  2.67741  2.69355  4.24690  2.90347  2.73739  3.18146  2.89801  2.37887  2.77519  2.98518  4.58477  3.61503
          0.13153  5.54669  2.12572  0.61958  0.77255  0.39456  1.12080
     65   2.26577  4.56556  3.79805  3.41755  1.96665  4.31029  4.63412  2.17319  4.16657  1.96123  3.39988  4.41247  4.31037  3.20261  4.23714  3.61352  3.03936  2.30294  3.29384  2.63622     99 l - - -
          2.68618  4.42225  2.77519  2.73123  3.46354  2.40513  3.72494  3.29354  2.67741  2.69355  4.24690  2.90347  2.73739  3.18146  2.89801  2.37887  2.77519  2.98518  4.58477  3.61503
          0.00632  5.46281  6.18516  0.61958  0.77255  0.28070  1.40754
     66   2.83478  5.32427  3.29553  2.36652  2.76314  3.32978  4.06244  2.74834  2.92577  2.25664  3.47319  2.78219  4.40899  2.33972  3.03289  2.48197  2.84766  3.31288  4.91578  3.43696    100 l - - -
          2.68605  4.42249  2.77544  2.73038  3.46378  2.40537  3.72519  3.29353  2.67765  2.69379  4.24662  2.90356  2.73748  3.18170  2.89794  2.37884  2.77464  2.98542  4.58501  3.61453
          0.25687  1.49297  6.30537  0.41840  1.07323  0.48576  0.95510
     67   2.65964  5.67161  2.58170  2.22890  5.01750  3.22084  3.99320  4.50405  2.08739  3.53423  4.03663  2.52816  4.32602  2.80035  2.74560  1.63252  3.16078  3.73974  6.10381  4.23034    103 s - - -
          2.68618  4.42225  2.77519  2.73123  3.46354  2.40513  3.72494  3.29354  2.67741  2.69355  4.24690  2.90347  2.73739  3.18146  2.89801  2.37887  2.77519  2.98518  4.58477  3.61503
          0.02365  5.58302  3.93153  0.61958  0.77255  0.48576  0.95510
     68   2.08845  5.52355  3.06879  2.53221  2.97691  3.64955  3.04594  3.06113  2.56397  3.40878  4.02263  2.43039  3.95347  2.88046  2.76659  2.77447  3.19610  3.17494  3.35944  3.19876    104 a - - -
          2.68618  4.42225  2.77519  2.73123  3.46354  2.40513  3.72494  3.29354  2.67741  2.69355  4.24690  2.90347  2.73739  3.18146  2.89801  2.37887  2.77519  2.98518  4.58477  3.61503
          0.55791  5.56507  0.85857  0.61958  0.77255  0.43549  1.04114
     69   2.76190  5.34795  2.51469  2.33439  4.66886  3.34493  3.86964  3.88503  2.49871  2.40334  3.81121  2.87012  4.07277  2.23807  3.10290  2.20562  2.43260  3.35511  5.79536  4.39945    105 s - - -
          2.68535  4.42259  2.77554  2.73090  3.46357  2.40424  3.72529  3.29388  2.67775  2.69334  4.24724  2.90366  2.73774  3.18072  2.89835  2.37911  2.77554  2.98552  4.58511  3.61537
          1.63692  1.66584  0.48388  1.36809  0.29382  0.13283  2.08435
     70   2.17340  5.29995  3.13578  1.82097  3.79767  3.42916  3.93146  3.57339  2.63151  3.21750  3.52840  3.04643  4.12912  2.70810  2.73379  2.26167  2.91356  3.34329  5.76840  3.22309    118 e - - -
          2.68618  4.42225  2.77519  2.73123  3.46354  2.40513  3.72494  3.29354  2.67741  2.69355  4.24690  2.90347  2.73739  3.18146  2.89801  2.37887  2.77519  2.98518  4.58477  3.61503
          0.14692  5.13809  2.03435  0.61958  0.77255  0.27191  1.43517
     71   2.71930  4.52191  3.25711  2.55306  2.98268  2.23699  3.89650  3.78243  2.90769  2.77027  3.43500  2.57731  4.30405  2.60834  3.07944  2.63547  2.63813  3.65842  5.81794  2.57939    119 g - - -
          2.68618  4.42225  2.77519  2.73123  3.46354  2.40513  3.72494  3.29354  2.67741  2.69355  4.24690  2.90347  2.73739  3.18146  2.89801  2.37887  2.77519  2.98518  4.58477  3.61503
          0.00651  5.43402  6.15636  0.61958  0.77255  1.01598  0.44949
     72   2.64593  4.85327  3.26273  1.94305  2.49366  3.86606  3.71530  4.30457  2.23539  3.38976  3.91230  2.69605  4.25881  2.22923  3.02541  2.80553  2.81845  3.21708  5.97144  3.29443    120 e - - -
          2.68623  4.42230  2.77524  2.73050  3.46359  2.40518  3.72499  3.29359  2.67746  2.69360  4.24695  2.90352  2.73744  3.18151  2.89806  2.37892  2.77524  2.98523  4.58482  3.61508
          0.09054  2.47165  6.15636  0.18243  1.79120  0.63511  0.75477
     73   2.64597  5.52193  3.30252  1.90832  3.61557  2.69674  4.09914  2.96325  2.52760  3.00279  4.11113  2.94587  3.11722  2.67633  3.07925  2.77024  2.44160  3.29359  5.98021  3.48898    122 e - - -
          2.68618  4.42225  2.77519  2.73123  3.46354  2.40513  3.72494  3.29354  2.67741  2.69355  4.24690  2.90347  2.73739  3.18146  2.89801  2.37887  2.77519  2.98518  4.58477  3.61503
          0.04424  5.49749  3.23957  0.61958  0.77255  0.38401  1.14296
     74   2.40750  5.63630  2.33109  1.48704  4.97841  3.33537  4.09487  3.88970  2.62133  3.26521  3.63050  2.28315  4.30091  2.62576  3.32302  2.81166  3.24422  3.69641  6.07075  4.13539    123 e - - -
          2.68618  4.42225  2.77519  2.73123  3.46354  2.40513  3.72494  3.29354  2.67741  2.69355  4.24690  2.90347  2.73739  3.18146  2.89801  2.37887  2.77519  2.98518  4.58477  3.61503
          0.02008  5.53463  4.13967  0.61958  0.77255  0.69976  0.68658
     75   1.84146  5.62499  3.19110  2.23278  4.96556  3.36128  3.72574  3.87866  2.18666  2.78277  4.22965  2.68333  4.29386  2.50671  2.80068  2.54256  2.71569  3.66925  4.59075  4.65215    124 a - - -
          2.68618  4.42225  2.77519  2.73123  3.46354  2.40513  3.72494  3.29354  2.67741  2.69355  4.24690  2.90347  2.73739  3.18146  2.89801  2.37887  2.77519  2.98518  4.58477  3.61503
          0.02508  5.52052  3.87469  0.61958  0.77255  0.34900  1.22211
     76   2.40320  5.65802  2.91517  2.30366  4.60873  2.33704  4.11046  3.90920  2.14536  3.17454  4.69888  2.55686  3.46554  2.47864  2.82306  2.44908  2.98770  3.39380  5.12447  4.37226    125 k - - -
          2.68563  4.42381  2.77610  2.73003  3.46499  2.40395  3.72508  3.29397  2.67813  2.69396  4.24730  2.90419  2.73754  3.17881  2.89912  2.37799  2.77557  2.98582  4.58301  3.61659
          0.45786  1.19767  2.72617  1.92545  0.15760  0.47656  0.97000
     77   2.36571  5.63013  2.39739  1.45352  4.97479  3.73195  3.73546  4.46047  2.25635  3.57469  4.67091  3.18719  4.28782  2.47191  3.22180  2.80216  2.88135  3.10924  6.06306  3.63421    136 e - - -
          2.68618  4.42225  2.77519  2.73123  3.46354  2.40513  3.72494  3.29354  2.67741  2.69355  4.24690  2.90347  2.73739  3.18146  2.89801  2.37887  2.77519  2.98518  4.58477  3.61503
          0.03063  5.51254  3.64479  0.61958  0.77255  0.78127  0.61217
     78   2.69934  4.55973  5.10634  4.49352  3.05275  4.34464  4.67627  1.48843  3.57730  1.98461  2.82593  2.88261  4.70869  3.90200  4.30761  3.54305  3.41149  2.09443  2.77482  3.24237    137 i - - -
          2.68618  4.42225  2.77519  2.73123  3.46354  2.40513  3.72494  3.29354  2.67741  2.69355  4.24690  2.90347  2.73739  3.18146  2.89801  2.37887  2.77519  2.98518  4.58477  3.61503
          0.01219  5.48807  4.83045  0.61958  0.77255  0.79264  0.60266
     79   3.10948  5.61634  2.62398  1.58722  4.95984  3.88377  4.07100  4.07886  2.01927  2.69685  2.96221  2.66409  4.27723  2.56860  3.08373  2.76118  2.78271  4.00614  6.04995  4.63998    138 e - - -
          2.68619  4.42226  2.77521  2.73125  3.46355  2.40514  3.72496  3.29315  2.67742  2.69356  4.24691  2.90348  2.73741  3.18148  2.89802  2.37888  2.77521  2.98520  4.58478  3.61504
          0.04150  3.64287  4.23520  0.36322  1.18886  0.36487  1.18510
     80   2.13236  5.65554  2.98547  1.84637  4.99989  3.16885  3.72628  3.96888  2.24021  3.01021  4.14461  2.90679  4.31407  2.34342  2.77388  2.74435  2.90553  3.68678  6.08865  3.39597    140 e - - -
          2.68618  4.42225  2.77519  2.73123  3.46354  2.40513  3.72494  3.29354  2.67741  2.69355  4.24690  2.90347  2.73739  3.18146  2.89801  2.37887  2.77519  2.98518  4.58477  3.61503
          0.03389  5.56037  3.52421  0.61958  0.77255  0.50355  0.92730
     81   2.75497  5.64651  2.45511  2.19585  4.99080  3.91179  4.09892  3.88065  1.97452  2.77522  3.41797  2.64131  4.30524  2.06593  2.57058  2.70304  3.15721  3.86513  6.07966  4.07372    141 k - - -
          2.68618  4.42225  2.77519  2.73123  3.46354  2.40513  3.72494  3.29354  2.67741  2.69355  4.24690  2.90347  2.73739  3.18146  2.89801  2.37887  2.77519  2.98518  4.58477  3.61503
          0.00583  5.54429  6.26663  0.61958  0.77255  0.61659  0.77606
     82   1.88108  5.13258  3.43960  3.18732  3.55684  2.31174  4.28447  3.09671  2.30870  2.12542  4.22107  3.66873  4.44684  2.98118  3.59394  2.63434  2.28396  3.43163  4.58030  4.09942    142 a - - -
          2.68607  4.42229  2.77524  2.73127  3.46358  2.40505  3.72499  3.29358  2.67745  2.69359  4.24694  2.90351  2.73744  3.18150  2.89805  2.37879  2.77507  2.98522  4.58481  3.61507
          0.02067  3.98645  6.27241  1.00161  0.45774  0.63744  0.75215
     83   3.04486  5.65181  2.42040  1.57058  3.78748  3.42409  4.10159  3.93027  1.95972  3.95716  4.69243  2.67844  4.30802  2.45723  3.03309  2.65699  2.88969  3.81794  3.99309  4.67336    147 e - - -
          2.68618  4.42225  2.77519  2.73123  3.46354  2.40513  3.72494  3.29354  2.67741  2.69355  4.24690  2.90347  2.73739  3.18146  2.89801  2.37887  2.77519  2.98518  4.58477  3.61503
          0.00579  5.55006  6.27241  0.61958  0.77255  0.59379  0.80348
     84   2.08747  5.63954  3.03633  1.77743  4.59956  3.44354  4.10847  4.20147  2.03552  2.79904  3.76227  3.13427  4.31405  2.75278  2.68068  2.87282  3.17872  3.72711  6.07616  2.92770    148 e - - -
          2.68618  4.42225  2.77519  2.73123  3.46354  2.40513  3.72494  3.29354  2.67741  2.69355  4.24690  2.90347  2.73739  3.18146  2.89801  2.37887  2.77519  2.98518  4.58477  3.61503
          0.00576  5.55566  6.27801  0.61958  0.77255  0.61357  0.77961
     85   2.02826  4.59803  5.18334  4.56822  2.97887  4.39174  4.72496  2.41326  4.35374  1.29335  2.55398  4.24070  4.75542  4.48544  4.36295  2.96782  3.45494  2.66629  2.98869  2.71975    149 l - - -
          2.68618  4.42225  2.77519  2.73123  3.46354  2.40513  3.72494  3.29354  2.67741  2.69355  4.24690  2.90347  2.73739  3.18146  2.89801  2.37887  2.77519  2.98518  4.58477  3.61503
          0.00576  5.55566  6.27801  0.61958  0.77255  0.61357  0.77961
     86   2.62400  5.65762  2.82134  1.45011  5.00390  3.78777  3.72613  4.12859  1.95013  3.79887  4.69799  2.97918  4.31098  2.25565  2.47709  2.83391  3.08400  4.04891  6.08955  4.67792    150 e - - -
          2.68618  4.42225  2.77519  2.73123  3.46354  2.40513  3.72494  3.29354  2.67741  2.69355  4.24690  2.90347  2.73739  3.18146  2.89801  2.37887  2.77519  2.98518  4.58477  3.61503
          0.00576  5.55566  6.27801  0.61958  0.77255  0.61357  0.77961
     87   2.51130  5.65699  2.37121  1.84480  5.00312  2.54994  3.90166  4.03753  2.34263  3.64854  4.69738  2.76789  4.31074  2.16223  2.73293  2.73975  3.12629  4.04820  6.08904  3.66748    151 e - - -
          2.68618  4.42225  2.77519  2.73123  3.46354  2.40513  3.72494  3.29354  2.67741  2.69355  4.24690  2.90347  2.73739  3.18146  2.89801  2.37887  2.77519  2.98518  4.58477  3.61503
          0.00576  5.55566  6.27801  0.61958  0.77255  0.61357  0.77961
     88   2.63548  5.63859  2.86346  2.49926  4.97670  3.14140  3.91344  2.64636  2.05288  2.65094  3.84465  3.05974  4.31424  2.56487  2.51072  2.18910  2.90132  3.60711  6.07546  4.66874    152 k - - -
          2.68618  4.42225  2.77519  2.73123  3.46354  2.40513  3.72494  3.29354  2.67741  2.69355  4.24690  2.90347  2.73739  3.18146  2.89801  2.37887  2.77519  2.98518  4.58477  3.61503
          0.00576  5.55566  6.27801  0.61958  0.77255  0.61357  0.77961
     89   3.07168  3.72628  2.79831  2.62468  4.97194  3.67439  3.92725  4.45204  2.76644  3.37222  4.34188  2.40438  4.31489  1.76747  2.19081  2.45952  2.71981  4.02139  3.18115  3.67976    153 q - - -
          2.68622  4.42229  2.77524  2.73121  3.46358  2.40517  3.72499  3.29349  2.67745  2.69355  4.24694  2.90351  2.73697  3.18151  2.89805  2.37891  2.77524  2.98514  4.58481  3.61507
          0.08553  2.71249  4.16005  0.19896  1.71248  0.61357  0.77961
     90   3.06320  5.64253  2.72598  1.62115  4.98565  3.50880  4.09825  3.29099  2.29666  2.72640  3.93632  2.50296  4.30443  2.64654  2.16536  2.89700  3.20766  4.03212  5.00954  4.66661    155 e - - -
          2.68618  4.42225  2.77519  2.73123  3.46354  2.40513  3.72494  3.29354  2.67741  2.69355  4.24690  2.90347  2.73739  3.18146  2.89801  2.37887  2.77519  2.98518  4.58477  3.61503
          0.00590  5.53160  6.25395  0.61958  0.77255  0.67126  0.71553
     91   2.53498  5.64251  2.04642  2.18282  3.44810  3.68696  4.09135  4.47435  2.09668  3.94799  4.68305  2.68025  4.29782  2.47739  2.96094  2.14973  2.85813  3.34114  6.07491  4.66367    156 d - - -
          2.68618  4.42225  2.77519  2.73123  3.46354  2.40513  3.72494  3.29354  2.67741  2.69355  4.24690  2.90347  2.73739  3.18146  2.89801  2.37887  2.77519  2.98518  4.58477  3.61503
          0.00590  5.53160  6.25395  0.61958  0.77255  0.67126  0.71553
     92   2.80082  5.57540  2.77871  1.87132  3.87007  3.75045  4.10835  4.11605  2.77933  2.49396  4.08820  3.28168  4.31095  2.07248  3.06168  2.56370  2.92933  3.95105  6.02506  2.25286    157 e - - -
          2.68618  4.42225  2.77519  2.73123  3.46354  2.40513  3.72494  3.29354  2.67741  2.69355  4.24690  2.90347  2.73739  3.18146  2.89801  2.37887  2.77519  2.98518  4.58477  3.61503
          0.00590  5.53160  6.25395  0.61958  0.77255  0.67126  0.71553
     93   1.80273  4.60772  4.50177  4.12958  3.54800  4.35299  4.67692  1.91384  4.21033  1.69301  3.03613  4.45578  4.41295  4.37418  3.60881  2.90280  2.31421  2.32584  5.22660  3.42648    158 l - - -
          2.68618  4.42225  2.77519  2.73123  3.46354  2.40513  3.72494  3.29354  2.67741  2.69355  4.24690  2.90347  2.73739  3.18146  2.89801  2.37887  2.77519  2.98518  4.58477  3.61503
          0.01182  5.53160  4.85474  0.61958  0.77255  0.67126  0.71553
     94   2.79543  5.30446  3.31501  2.16232  3.96745  3.81517  3.77484  2.69870  2.51634  1.85045  3.73684  2.95023  3.30234  3.34924  2.80228  2.89814  3.00243  2.55011  5.81487  3.97093    159 l - - -
          2.68618  4.42225  2.77519  2.73123  3.46354  2.40513  3.72494  3.29354  2.67741  2.69355  4.24690  2.90347  2.73739  3.18146  2.89801  2.37887  2.77519  2.98518  4.58477  3.61503
          0.01026  5.52572  5.07962  0.61958  0.77255  0.69438  0.69192
     95   2.40277  5.63760  2.74304  1.75435  4.98344  2.88443  3.76775  2.96888  2.02130  3.94320  4.67806  2.92740  4.29211  2.46209  2.68489  2.67350  3.12928  3.69049  6.06981  4.65840    160 e - - -
          2.68618  4.42225  2.77519  2.73123  3.46354  2.40513  3.72494  3.29354  2.67741  2.69355  4.24690  2.90347  2.73739  3.18146  2.89801  2.37887  2.77519  2.98518  4.58477  3.61503
          0.01735  5.52142  4.32776  0.61958  0.77255  0.71085  0.67575
     96   2.51203  5.56806  2.90761  1.76499  4.88716  3.16961  4.09543  4.35523  2.68674  2.24132  4.61562  3.02085  3.89938  2.65910  2.80534  3.02481  3.27693  2.62396  3.18657  3.63950    161 e - - -
          2.68618  4.42225  2.77519  2.73123  3.46354  2.40513  3.72494  3.29354  2.67741  2.69355  4.24690  2.90347  2.73739  3.18146  2.89801  2.37887  2.77519  2.98518  4.58477  3.61503
          0.02213  5.51010  4.02651  0.61958  0.77255  0.44939  1.01615
     97   2.25615  4.73214  4.46837  3.38542  2.71622  4.03846  3.22055  3.19131  3.79664  2.66882  2.94336  4.16868  4.31578  4.04640  2.78360  3.53842  3.42841  2.68803  5.33641  1.23999    162 y - - -
          2.68618  4.42225  2.77519  2.73123  3.46354  2.40513  3.72494  3.29354  2.67741  2.69355  4.24690  2.90347  2.73739  3.18146  2.89801  2.37887  2.77519  2.98518  4.58477  3.61503
          0.00585  5.54018  6.26253  0.61958  0.77255  0.53224  0.88501
     98   2.64226  4.19800  3.19330  1.69328  4.97850  2.09744  4.10736  3.59580  2.10804  3.74558  4.15149  3.38952  4.31300  2.63663  2.35211  3.00459  3.00415  4.02691  6.07596  3.84975    163 e - - -
          2.68618  4.42225  2.77519  2.73123  3.46354  2.40513  3.72494  3.29354  2.67741  2.69355  4.24690  2.90347  2.73739  3.18146  2.89801  2.37887  2.77519  2.98518  4.58477  3.61503
          0.01080  5.55403  4.98016  0.61958  0.77255  0.46215  0.99405
     99   2.86004  5.66124  2.49056  2.05340  5.00717  3.13884  4.10903  4.49373  2.14256  3.33974  4.44501  2.52979  4.31555  1.78190  2.70920  2.69165  3.37975  3.18785  6.09341  4.37049    164 q - - -
          2.68607  4.42236  2.77531  2.73054  3.46365  2.40507  3.72506  3.29365  2.67752  2.69366  4.24701  2.90358  2.73751  3.18158  2.89812  2.37881  2.77506  2.98530  4.58488  3.61514
          0.04296  3.21426  6.28652  1.23088  0.34536  0.52974  0.88858
    100   2.46415  5.66066  2.94033  1.58238  5.00629  3.41790  4.10927  4.49264  2.25587  3.80729  3.99597  2.20533  4.31577  2.49873  2.38695  3.11078  3.19303  3.08277  6.09300  4.68173    171 e - - -
          2.68618  4.42225  2.77519  2.73123  3.46354  2.40513  3.72494  3.29354  2.67741  2.69355  4.24690  2.90347  2.73739  3.18146  2.89801  2.37887  2.77519  2.98518  4.58477  3.61503
          0.06039  5.56418  2.90464  0.61958  0.77255  0.52974  0.88858
    101   2.31932  4.58743  5.13808  3.69177  3.24628  4.37620  3.96518  2.38709  4.31873  1.14274  2.97196  4.52716  4.73868  4.45569  4.33921  3.68644  3.44082  1.65868  5.21027  4.03449    172 l - - -
          2.68618  4.42225  2.77519  2.73123  3.46354  2.40513  3.72494  3.29354  2.67741  2.69355  4.24690  2.90347  2.73739  3.18146  2.89801  2.37887  2.77519  2.98518  4.58477  3.61503
          0.00603  5.50982  6.23216  0.61958  0.77255  0.75367  0.63608
    102   1.90086  5.60526  3.37945  1.50153  4.93964  3.89836  4.08647  3.34127  2.00666  3.90589  4.64882  2.86350  4.29162  2.89777  3.11645  2.63492  3.13193  3.02264  6.04433  4.64014    173 e - - -
          2.68618  4.42225  2.77519  2.73123  3.46354  2.40513  3.72494  3.29354  2.67741  2.69355  4.24690  2.90347  2.73739  3.18146  2.89801  2.37887  2.77519  2.98518  4.58477  3.61503
          0.08365  5.50982  2.57441  0.61958  0.77255  0.39859  1.11251
    103   2.15551  5.62193  2.64987  2.11621  4.96805  3.17399  3.75136  4.45476  1.99816  3.50370  4.36442  2.52623  4.27570  2.77195  2.72505  2.56767  2.31895  4.01313  6.05398  4.64240    174 k - - -
          2.68618  4.42225  2.77519  2.73123  3.46354  2.40513  3.72494  3.29354  2.67741  2.69355  4.24690  2.90347  2.73739  3.18146  2.89801  2.37887  2.77519  2.98518  4.58477  3.61503
          0.00614  5.49128  6.21362  0.61958  0.77255  0.77851  0.61450
    104   2.85411  5.61662  2.58231  2.04016  4.95918  3.73495  4.07393  4.44339  2.45739  2.69975  3.44203  2.64346  3.35230  1.85363  3.10731  2.70029  2.97836  3.22669  6.05081  3.86347    175 q - - -
          2.68618  4.42225  2.77519  2.73123  3.46354  2.40513  3.72494  3.29354  2.67741  2.69355  4.24690  2.90347  2.73739  3.18146  2.89801  2.37887  2.77519  2.98518  4.58477  3.61503
          0.00611  5.49658  6.21892  0.61958  0.77255  0.79983  0.59676
    105   2.85947  2.90667  5.06313  3.97518  3.66792  4.34607  4.67528  1.64763  3.18700  2.02742  2.21163  4.47958  4.71050  3.30892  4.29641  3.65364  3.10622  1.74061  5.19541  4.01735    176 i - - -
          2.68618  4.42225  2.77519  2.73123  3.46354  2.40513  3.72494  3.29354  2.67741  2.69355  4.24690  2.90347  2.73739  3.18146  2.89801  2.37887  2.77519  2.98518  4.58477  3.61503
          0.00611  5.49658  6.21892  0.61958  0.77255  0.79983  0.59676
    106   2.49823  5.62384  2.96131  1.95953  4.96949  3.58781  4.07240  4.45583  1.57405  3.29108  4.66436  3.21092  4.09224  2.34852  2.28549  2.79575  3.08232  3.46559  6.05614  4.64490    177 k - - -
          2.68618  4.42225  2.77519  2.73123  3.46354  2.40513  3.72494  3.29354  2.67741  2.69355  4.24690  2.90347  2.73739  3.18146  2.89801  2.37887  2.77519  2.98518  4.58477  3.61503
          0.00611  5.49658  6.21892  0.61958  0.77255  0.79983  0.59676
    107   2.30979  5.62240  2.33311  1.70231  4.96748  2.77516  4.07255  4.19947  2.26464  3.40121  4.33576  3.35297  4.27897  2.39714  2.77176  2.67091  2.94975  3.49515  6.05507  4.64411    178 e - - -
          2.68618  4.42225  2.77519  2.73123  3.46354  2.40513  3.72494  3.29354  2.67741  2.69355  4.24690  2.90347  2.73739  3.18146  2.89801  2.37887  2.77519  2.98518  4.58477  3.61503
          0.12104  5.49658  2.20814  0.61958  0.77255  0.79983  0.59676
    108   3.05715  5.41503  3.37210  2.14826  4.70176  3.85676  3.36878  3.05997  2.13216  2.51739  3.02415  3.04392  4.01840  2.32716  2.63829  2.91824  2.48434  3.12692  4.49076  4.51161    179 k - - -
          2.68618  4.42225  2.77519  2.73123  3.46354  2.40513  3.72494  3.29354  2.67741  2.69355  4.24690  2.90347  2.73739  3.18146  2.89801  2.37887  2.77519  2.98518  4.58477  3.61503
          0.07280  5.38239  2.72394  0.61958  0.77255  0.51634  0.90808
    109   2.01407  3.70229  3.87928  4.09217  3.14414  3.84926  4.62521  2.16550  4.17368  1.41264  3.50075  4.41199  4.66489  4.33259  3.22779  3.17504  3.37940  1.88334  5.16561  3.98597    180 l - - -
          2.68605  4.42252  2.77546  2.72945  3.46380  2.40539  3.72521  3.29309  2.67728  2.69381  4.24530  2.90373  2.73766  3.18173  2.89779  2.37913  2.77546  2.98545  4.58503  3.61530
          0.36611  3.07841  1.34501  1.94671  0.15402  0.97493  0.47356
    110   2.85247  5.44367  2.90078  1.55963  4.78702  3.71225  3.89909  4.27119  1.96740  3.16073  4.48497  3.18052  4.10579  2.65084  2.31163  2.41369  3.03648  3.41713  5.87698  4.46789    191 e - - -
          2.68621  4.42228  2.77522  2.73126  3.46357  2.40505  3.72497  3.29357  2.67744  2.69343  4.24692  2.90349  2.73742  3.18149  2.89803  2.37890  2.77522  2.98521  4.58480  3.61470
          0.06459  3.63359  3.32083  0.83245  0.57090  0.45877  0.99984
    111   2.27987  5.58098  2.38593  1.91349  4.92706  3.68975  3.75150  4.41374  2.03689  3.22215  4.62138  2.46466  4.23481  2.74664  2.48403  2.55022  3.08005  3.77962  6.01304  4.60148    195 e - - -
          2.68618  4.42225  2.77519  2.73123  3.46354  2.40513  3.72494  3.29354  2.67741  2.69355  4.24690  2.90347  2.73739  3.18146  2.89801  2.37887  2.77519  2.98518  4.58477  3.61503
          0.02440  5.41339  3.92979  0.61958  0.77255  0.54770  0.86342
    112   2.27641  5.60450  2.83569  1.92983  4.94453  3.88148  4.06905  3.46113  1.89901  3.16851  3.97469  2.88885  4.03003  2.68724  3.02260  2.44155  2.85171  3.20848  6.04021  3.67734    196 k - - -
          2.68625  4.42238  2.77485  2.73108  3.46346  2.40526  3.72508  3.29367  2.67730  2.69343  4.24703  2.90360  2.73753  3.18142  2.89778  2.37895  2.77533  2.98531  4.58407  3.61516
          0.11632  2.22754  6.20718  0.63802  0.75149  0.83857  0.56621
    113   2.47027  4.30570  2.98400  2.32003  3.14803  2.89300  3.74170  4.00681  2.59259  3.19634  3.65497  2.98424  4.30293  2.95169  3.09172  2.94485  2.11837  3.67597  5.93768  2.21961    201 t - - -
          2.68618  4.42225  2.77519  2.73123  3.46354  2.40513  3.72494  3.29354  2.67741  2.69355  4.24690  2.90347  2.73739  3.18146  2.89801  2.37887  2.77519  2.98518  4.58477  3.61503
          0.03660  5.48484  3.44868  0.61958  0.77255  0.72421  0.66302
    114   2.71502  5.66929  2.72730  2.50481  5.00753  1.15263  4.11615  4.49275  2.46599  3.78702  4.71513  3.29913  2.55675  2.91409  3.36448  3.04060  3.29957  4.05693  6.10492  4.69087    202 g - - -
          2.68618  4.42225  2.77519  2.73123  3.46354  2.40513  3.72494  3.29354  2.67741  2.69355  4.24690  2.90347  2.73739  3.18146  2.89801  2.37887  2.77519  2.98518  4.58477  3.61503
          0.00627  5.47125  6.19360  0.61958  0.77255  0.88108  0.53501
    115   2.74237  3.94721  3.55280  2.72429  3.19929  3.74632  4.51700  2.20142  3.26773  1.91724  2.71912  3.40463  4.59920  3.76411  3.19434  3.50212  3.25019  2.01236  5.28913  2.65991    203 l - - -
          2.68618  4.42225  2.77520  2.73123  3.46354  2.40508  3.72495  3.29354  2.67741  2.69355  4.24690  2.90347  2.73740  3.18147  2.89801  2.37887  2.77520  2.98519  4.58477  3.61503
          0.01273  4.54592  6.19360  0.51531  0.90960  0.68092  0.70552
    116   2.58976  5.61665  2.92711  1.54501  3.39081  3.16839  4.07687  3.92213  2.29449  3.64606  3.66830  2.99090  3.31778  2.65640  3.01273  2.60814  2.85297  3.81755  6.05145  3.57511    205 e - - -
          2.68620  4.42227  2.77521  2.73125  3.46356  2.40515  3.72496  3.29356  2.67743  2.69357  4.24692  2.90348  2.73741  3.18148  2.89785  2.37889  2.77521  2.98501  4.58479  3.61505
          0.05581  3.98545  3.33268  0.64885  0.73950  0.78477  0.60922
    117   2.91900  3.50925  3.25196  3.08131  4.14485  3.22377  4.28945  2.54352  2.79162  2.49612  4.08030  3.42141  2.99095  2.76434  3.62728  2.78344  2.99629  1.61974  5.54740  3.30339    208 v - - -
          2.68618  4.42225  2.77519  2.73123  3.46354  2.40513  3.72494  3.29354  2.67741  2.69355  4.24690  2.90347  2.73739  3.18146  2.89801  2.37887  2.77519  2.98518  4.58477  3.61503
          0.00630  5.46669  6.18903  0.61958  0.77255  0.89483  0.52539
    118   2.42972  5.53088  3.18557  1.87373  3.62520  3.88504  4.07568  4.30886  2.38150  2.59232  4.57994  3.36577  4.27771  2.49220  2.57353  2.45459  2.69870  2.88744  5.98287  3.24157    209 e - - -
          2.68618  4.42225  2.77519  2.73123  3.46354  2.40513  3.72494  3.29354  2.67741  2.69355  4.24690  2.90347  2.73739  3.18146  2.89801  2.37887  2.77519  2.98518  4.58477  3.61503
          0.00630  5.46669  6.18903  0.61958  0.77255  0.66768  0.71928
    119   2.54448  5.62620  2.09325  1.84830  4.97191  3.21110  3.89091  3.90469  2.03732  3.67215  4.32596  3.07239  4.28108  2.86360  2.51731  2.28607  3.34520  3.39515  6.05850  4.64716    210 e - - -
          2.68618  4.42225  2.77519  2.73123  3.46354  2.40513  3.72494  3.29354  2.67741  2.69355  4.24690  2.90347  2.73739  3.18146  2.89801  2.37887  2.77519  2.98518  4.58477  3.61503
          0.00633  5.46104  6.18339  0.61958  0.77255  0.78477  0.60922
    120   2.08715  4.01980  5.16511  4.56214  3.74778  4.43772  4.78684  1.56484  4.36799  2.66097  3.40499  4.58195  4.79863  4.51658  4.40469  2.57156  2.94399  1.26855  5.29677  4.11695    211 v - - -
          2.68618  4.42225  2.77519  2.73123  3.46354  2.40513  3.72494  3.29354  2.67741  2.69355  4.24690  2.90347  2.73739  3.18146  2.89801  2.37887  2.77519  2.98518  4.58477  3.61503
          0.00633  5.46104  6.18339  0.61958  0.77255  0.78477  0.60922
    121   2.98546  5.60619  2.07953  2.00632  4.95239  3.86623  3.60118  4.43912  1.91385  3.59078  4.64657  2.89943  4.25977  2.37533  2.49051  2.64475  2.57820  3.49292  6.03818  4.62658    212 k - - -
          2.68618  4.42225  2.77519  2.73123  3.46354  2.40513  3.72494  3.29354  2.67741  2.69355  4.24690  2.90347  2.73739  3.18146  2.89801  2.37887  2.77519  2.98518  4.58477  3.61503
          0.00633  5.46104  6.18339  0.61958  0.77255  0.78477  0.60922
    122   2.89943  4.61635  4.12765  4.58416  3.20307  4.43673  4.78113  1.88757  4.38229  2.13060  3.28195  4.58892  4.79499  4.52368  4.40651  3.45512  3.35700  0.92115  5.27974  4.10136    213 v - - -
          2.68618  4.42225  2.77519  2.73123  3.46354  2.40513  3.72494  3.29354  2.67741  2.69355  4.24690  2.90347  2.73739  3.18146  2.89801  2.37887  2.77519  2.98518  4.58477  3.61503
          0.08453  5.46104  2.56647  0.61958  0.77255  0.78477  0.60922
    123   2.59877  5.56417  2.08582  2.02225  4.90972  3.65499  3.40950  3.79031  2.01104  3.70863  4.60471  2.86564  4.21949  2.74166  2.85107  2.46438  2.59076  3.18495  5.99657  4.58533    214 k - - -
          2.68621  4.42228  2.77523  2.73127  3.46357  2.40497  3.72498  3.29357  2.67744  2.69358  4.24693  2.90350  2.73743  3.18150  2.89804  2.37890  2.77495  2.98522  4.58480  3.61506
          0.03587  3.41119  6.10570  0.65894  0.72857  1.00618  0.45510
    124   2.64430  3.51828  3.76189  4.43676  3.18750  4.28246  4.22443  1.44199  4.22829  1.64781  3.10111  4.43500  4.64644  4.36519  4.24710  3.39044  2.62432  2.12412  5.11715  3.65675    217 i - - -
          2.68618  4.42225  2.77519  2.73123  3.46354  2.40513  3.72494  3.29354  2.67741  2.69355  4.24690  2.90347  2.73739  3.18146  2.89801  2.37887  2.77519  2.98518  4.58477  3.61503
          0.08453  5.38336  2.57096  0.61958  0.77255  0.96013  0.48263
    125   2.29671  4.13033  2.41768  1.99592  4.32978  3.41858  3.99374  3.24785  2.35783  3.44029  4.51250  2.51767  4.19654  2.89986  3.22760  2.58483  2.67904  2.82380  5.91366  3.86564    218 e - - -
          2.68618  4.42225  2.77519  2.73123  3.46354  2.40513  3.72494  3.29354  2.67741  2.69355  4.24690  2.90347  2.73739  3.18146  2.89801  2.37887  2.77519  2.98518  4.58477  3.61503
          0.05793  5.31377  2.96886  0.61958  0.77255  0.93974  0.49549
    126   2.34244  5.48958  2.65971  1.72790  3.66555  2.92390  3.59969  4.29623  2.53983  3.50590  4.53403  3.17238  4.18606  2.60535  2.99489  2.59290  2.79449  2.92590  4.53801  3.47501    219 e - - -
          2.68615  4.42227  2.77515  2.73108  3.46356  2.40515  3.72497  3.29356  2.67743  2.69357  4.24692  2.90349  2.73742  3.18149  2.89803  2.37882  2.77522  2.98521  4.58479  3.61505
          0.04739  3.12662  6.02620  0.38648  1.13769  1.17836  0.36786
    127   3.01392  5.52051  1.34878  2.33768  4.86376  3.08313  3.71488  3.77445  2.38601  3.82501  4.10861  2.64672  3.73227  2.77936  3.20361  2.61579  3.14378  3.41936  5.95424  4.54425    222 d - - -
          2.68618  4.42225  2.77519  2.73123  3.46354  2.40513  3.72494  3.29354  2.67741  2.69355  4.24690  2.90347  2.73739  3.18146  2.89801  2.37887  2.77519  2.98518  4.58477  3.61503
          0.00741  5.30386  6.02620  0.61958  0.77255  1.17836  0.36786
    128   2.64105  5.42436  3.18800  2.21904  3.81724  3.11974  3.55890  3.54480  2.23743  2.69517  3.65908  3.09255  2.49705  2.79110  2.75749  2.82290  3.04443  3.41792  5.88195  2.88827    223 e - - -
          2.68618  4.42225  2.77519  2.73123  3.46354  2.40513  3.72494  3.29354  2.67741  2.69355  4.24690  2.90347  2.73739  3.18146  2.89801  2.37887  2.77519  2.98518  4.58477  3.61503
          0.00741  5.30386  6.02620  0.61958  0.77255  1.17836  0.36786
    129   2.53725  5.52644  2.39971  2.11981  4.87249  3.31649  3.97357  4.35921  2.43888  3.67069  4.56687  2.17891  3.55921  2.37526  2.89763  2.21950  2.57710  3.91761  5.95851  4.54688    224 e - - -
          2.68618  4.42225  2.77519  2.73123  3.46354  2.40513  3.72494  3.29354  2.67741  2.69355  4.24690  2.90347  2.73739  3.18146  2.89801  2.37887  2.77519  2.98518  4.58477  3.61503
          0.08687  5.29518  2.54860  0.61958  0.77255  1.17836  0.36786
    130   2.79551  5.47668  2.60465  2.25505  4.81965  2.65022  3.69875  3.53261  2.34642  3.78107  4.16263  2.64691  4.13896  2.71971  3.03214  1.73679  2.82694  3.86619  5.91062  3.52921    225 s - - -
          2.68618  4.42225  2.77519  2.73123  3.46354  2.40513  3.72494  3.29354  2.67741  2.69355  4.24690  2.90347  2.73739  3.18146  2.89801  2.37887  2.77519  2.98518  4.58477  3.61503
          0.04257  5.21640  3.31737  0.61958  0.77255  1.15923  0.37648
    131   2.37667  5.47173  2.97089  2.06203  4.81349  3.08758  3.80574  3.33398  2.01531  3.77560  4.20117  2.89239  2.60104  2.60854  3.15954  2.48054  2.75853  3.35213  5.90640  4.49744    226 k - - -
          2.68611  4.42256  2.77539  2.73107  3.46384  2.40474  3.72525  3.29317  2.67744  2.69314  4.24720  2.90377  2.73731  3.18177  2.89785  2.37875  2.77550  2.98549  4.58507  3.61534
          0.28929  2.12280  2.02869  1.51615  0.24789  1.26994  0.32968
    132   2.53986  5.42219  2.25469  2.14522  4.76734  3.52257  3.87209  3.83113  2.09651  3.72750  4.46284  2.44945  3.66201  2.79120  2.36129  2.68220  2.61168  3.81287  5.85481  3.84809    236 k - - -
          2.68560  4.42232  2.77517  2.73130  3.46361  2.40520  3.72502  3.29350  2.67748  2.69362  4.24667  2.90354  2.73747  3.18154  2.89808  2.37889  2.77512  2.98526  4.58484  3.61510
          0.27685  1.77224  2.63276  0.13936  2.03956  1.48623  0.25647
    133   2.55357  4.39488  4.33904  2.76424  1.70136  3.07604  4.30580  2.65327  3.42045  2.39412  3.50935  3.72676  4.37590  3.86379  3.82972  3.28968  3.14111  2.43129  3.07027  2.61398    238 f - - -
          2.68618  4.42225  2.77519  2.73123  3.46354  2.40513  3.72494  3.29354  2.67741  2.69355  4.24690  2.90347  2.73739  3.18146  2.89801  2.37887  2.77519  2.98518  4.58477  3.61503
          0.12804  5.01279  2.17567  0.61958  0.77255  0.78457  0.60938
    134   2.30757  5.26607  3.28097  2.36405  4.55367  1.38326  3.96366  3.73633  2.66715  3.55474  4.34121  3.26492  2.92074  2.96189  3.21252  2.84478  2.89950  3.33080  5.75812  4.39546    239 g - - -
          2.68618  4.42225  2.77519  2.73123  3.46354  2.40513  3.72494  3.29354  2.67741  2.69355  4.24690  2.90347  2.73739  3.18146  2.89801  2.37887  2.77519  2.98518  4.58477  3.61503
          0.00869  5.14605  5.86840  0.61958  0.77255  0.81662  0.58326
    135   2.36657  4.94742  2.60340  2.05740  4.85680  3.23846  3.56645  4.07953  1.87481  3.54842  4.55398  2.88248  4.17302  2.79717  2.83975  2.42294  2.86115  2.90945  5.94643  3.98290    240 k - - -
          2.68618  4.42225  2.77519  2.73123  3.46354  2.40513  3.72494  3.29354  2.67741  2.69355  4.24690  2.90347  2.73739  3.18146  2.89801  2.37887  2.77519  2.98518  4.58477  3.61503
          0.00753  5.28862  6.01097  0.61958  0.77255  0.71987  0.66712
    136   3.10543  4.62102  3.56564  3.06910  3.72946  4.18499  4.05285  1.28568  3.75469  2.34766  3.48383  4.11308  4.14139  3.44294  3.97744  3.46272  3.00040  1.60618  5.22861  4.03030    241 i - - -
          2.68618  4.42225  2.77519  2.73123  3.46354  2.40513  3.72494  3.29354  2.67741  2.69355  4.24690  2.90347  2.73739  3.18146  2.89801  2.37887  2.77519  2.98518  4.58477  3.61503
          0.00685  5.38239  6.10473  0.61958  0.77255  0.98880  0.46525
    137   2.47988  5.54234  3.16154  2.17358  4.48641  3.82962  4.01759  3.89498  1.88048  3.18151  3.98829  2.85654  4.22289  2.38227  2.89244  2.55536  2.10183  3.28947  5.98028  4.36583    242 k - - -
          2.68618  4.42225  2.77519  2.73123  3.46354  2.40513  3.72494  3.29354  2.67741  2.69355  4.24690  2.90347  2.73739  3.18146  2.89801  2.37887  2.77519  2.98518  4.58477  3.61503
          0.00685  5.38239  6.10473  0.61958  0.77255  0.98880  0.46525
    138   2.74863  5.56621  3.19923  1.97966  4.91211  2.45109  3.81765  4.39867  2.21770  3.87178  4.60673  2.80415  4.22008  2.31257  2.76687  1.81104  2.93057  3.95731  5.99829  4.58682    243 s - - -
          2.68618  4.42225  2.77519  2.73123  3.46354  2.40513  3.72494  3.29354  2.67741  2.69355  4.24690  2.90347  2.73739  3.18146  2.89801  2.37887  2.77519  2.98518  4.58477  3.61503
          0.00685  5.38239  6.10473  0.61958  0.77255  0.98880  0.46525
    139   2.70276  4.77715  5.41436  4.83303  3.96271  4.71601  5.11004  1.39836  4.65671  2.27312  3.06871  3.61974  5.05266  4.81711  4.70420  4.04617  3.68730  1.01218  5.59389  4.40866    244 v - - -
          2.68618  4.42225  2.77519  2.73123  3.46354  2.40513  3.72494  3.29354  2.67741  2.69355  4.24690  2.90347  2.73739  3.18146  2.89801  2.37887  2.77519  2.98518  4.58477  3.61503
          0.00685  5.38239  6.10473  0.61958  0.77255  0.98880  0.46525
    140   3.05295  4.60811  2.57399  2.13561  4.86257  3.57167  3.69387  3.13019  2.28808  3.52589  4.57523  2.24404  4.22501  3.04709  3.00085  2.47275  2.22251  2.78247  5.97186  3.58377    245 e - - -
          2.68618  4.42225  2.77519  2.73123  3.46354  2.40513  3.72494  3.29354  2.67741  2.69355  4.24690  2.90347  2.73739  3.18146  2.89801  2.37887  2.77519  2.98518  4.58477  3.61503
          0.00685  5.38239  6.10473  0.61958  0.77255  0.98880  0.46525
    141   3.35347  5.07185  5.87735  5.33934  4.26863  5.24156  5.73845  1.35009  5.20587  1.43035  3.30822  5.40602  5.51335  5.36755  5.27015  4.61065  3.59652  1.12958  6.12356  4.94916    246 v - - -
          2.68618  4.42225  2.77519  2.73123  3.46354  2.40513  3.72494  3.29354  2.67741  2.69355  4.24690  2.90347  2.73739  3.18146  2.89801  2.37887  2.77519  2.98518  4.58477  3.61503
          0.00685  5.38239  6.10473  0.61958  0.77255  0.98880  0.46525
    142   3.06248  5.28128  3.45221  2.44884  4.11703  2.98006  3.00771  3.76078  2.40454  3.15737  4.35042  3.04242  4.28008  3.03919  3.05462  2.95729  1.80703  2.35200  3.85054  2.89222    247 t - - -
          2.68618  4.42225  2.77519  2.73123  3.46354  2.40513  3.72494  3.29354  2.67741  2.69355  4.24690  2.90347  2.73739  3.18146  2.89801  2.37887  2.77519  2.98518  4.58477  3.61503
          0.00685  5.38239  6.10473  0.61958  0.77255  0.98880  0.46525
    143   2.82145  4.61113  5.21996  4.61150  3.19925  3.54308  4.78778  1.72880  4.40447  1.22201  2.83641  4.60590  4.79462  4.53239  4.41600  3.76046  3.48338  1.73028  5.26459  4.09437    248 l - - -
          2.68493  4.42300  2.77594  2.73198  3.46428  2.40324  3.72569  3.29428  2.67815  2.69429  4.24764  2.90421  2.73657  3.18221  2.89814  2.37888  2.77594  2.98257  4.58551  3.61578
          0.07340  2.80178  4.59871  2.75247  0.06589  0.98880  0.46525
    144   2.26539  5.55951  2.73169  2.25873  4.49926  3.03889  3.65302  3.87222  1.94962  3.86497  4.60006  2.71831  3.79385  2.81647  2.73218  2.20351  2.64126  3.71803  5.99195  3.82406    271 k - - -
          2.68618  4.42225  2.77519  2.73123  3.46354  2.40513  3.72494  3.29354  2.67741  2.69355  4.24690  2.90347  2.73739  3.18146  2.89801  2.37887  2.77519  2.98518  4.58477  3.61503
          0.26056  5.37452  1.49279  0.61958  0.77255  1.00818  0.45394
    145   2.79563  5.44017  2.53162  1.85468  4.78484  2.31544  3.89065  4.27067  2.44223  3.34448  4.48102  2.54934  2.72433  2.67739  2.92682  2.66833  3.16125  3.83061  5.87301  3.85290    272 e - - -
          2.68554  4.42203  2.77467  2.73079  3.46402  2.40522  3.72543  3.29402  2.67695  2.69349  4.24626  2.90313  2.73788  3.18108  2.89834  2.37912  2.77552  2.98559  4.58525  3.61551
          1.77093  0.20107  4.42556  0.26424  1.46011  1.44070  0.27019
    146   2.22331  5.43590  2.78795  2.24279  4.78137  3.29782  3.88491  3.83001  1.98759  3.74135  4.47647  2.43618  3.29011  2.52002  2.70333  2.48967  2.67902  3.82676  5.86834  4.45714    281 k - - -
          2.68618  4.42225  2.77520  2.73124  3.46354  2.40513  3.72495  3.29354  2.67741  2.69347  4.24690  2.90347  2.73740  3.18147  2.89801  2.37887  2.77520  2.98519  4.58477  3.61503
          0.02100  4.02492  5.83609  0.49112  0.94659  1.05474  0.42814
    147   2.13392  5.46251  3.03440  2.21206  4.80182  3.38567  3.92914  3.88939  1.99044  3.76534  4.30786  2.80371  2.76226  2.49043  3.10681  2.58177  2.94643  2.69948  5.89865  4.20910    283 k - - -
          2.68158  4.42461  2.77587  2.72762  3.46446  2.40391  3.72711  3.29574  2.67775  2.69556  4.24813  2.90457  2.73582  3.18245  2.89913  2.37947  2.77591  2.98612  4.58638  3.61587
          0.63044  0.78568  4.43713  2.28604  0.10722  1.33059  0.30696
    148   2.49158  5.47083  2.72176  1.99319  4.81549  2.56822  3.92214  3.50106  2.35507  3.77594  4.51161  2.82917  3.37411  2.71704  2.51816  2.13168  3.19231  3.38570  5.90376  4.49304    301 e - - -
          2.68618  4.42225  2.77519  2.73123  3.46354  2.40513  3.72494  3.29354  2.67741  2.69355  4.24690  2.90347  2.73739  3.18146  2.89801  2.37887  2.77519  2.98518  4.58477  3.61503
          0.03537  5.19521  3.53331  0.61958  0.77255  1.34412  0.30215
    149   2.57733  5.46041  2.51811  2.09382  4.80595  2.98780  3.90924  4.29226  2.11459  3.76589  4.21264  2.79289  2.76327  2.62456  2.85328  2.30748  2.77910  3.66699  5.89281  3.88134    302 e - - -
          2.68618  4.42225  2.77519  2.73123  3.46354  2.40513  3.72494  3.29354  2.67741  2.69355  4.24690  2.90347  2.73739  3.18146  2.89801  2.37887  2.77519  2.98518  4.58477  3.61503
          0.07520  5.16833  2.70681  0.61958  0.77255  1.30158  0.31759
    150   2.54822  5.32880  2.84587  2.18305  4.63011  2.43299  3.91372  2.38439  2.54306  3.45761  4.38129  2.79125  4.11365  2.37615  3.15269  2.83921  3.00901  2.55812  5.78860  4.40562    303 e - - -
          2.68620  4.42227  2.77521  2.73125  3.46355  2.40514  3.72496  3.29356  2.67742  2.69356  4.24691  2.90348  2.73741  3.18148  2.89802  2.37888  2.77494  2.98520  4.58478  3.61505
          0.04700  3.14639  5.84090  0.34142  1.24051  1.22959  0.34589
    151   2.23052  5.45569  2.48581  2.05654  4.80000  3.30909  3.90804  4.01530  2.11770  3.76065  3.28428  2.53345  3.29347  2.78959  2.66481  2.65461  3.07658  3.35164  5.88883  4.47834    305 e - - -
          2.68618  4.42225  2.77519  2.73123  3.46354  2.40513  3.72494  3.29354  2.67741  2.69355  4.24690  2.90347  2.73739  3.18146  2.89801  2.37887  2.77519  2.98518  4.58477  3.61503
          0.02032  5.16430  4.24040  0.61958  0.77255  1.33855  0.30412
    152   2.32351  5.43312  2.67907  2.39900  4.76826  2.95750  3.91188  3.68772  1.85061  3.44290  4.47639  3.09476  3.25654  2.92286  2.90388  2.36024  2.83006  2.62834  5.87179  4.46689    306 k - - -
          2.68618  4.42225  2.77519  2.73123  3.46354  2.40513  3.72494  3.29354  2.67741  2.69355  4.24690  2.90347  2.73739  3.18146  2.89801  2.37887  2.77519  2.98518  4.58477  3.61503
          0.06120  5.16194  2.92558  0.61958  0.77255  1.34461  0.30197
    153   2.77305  5.41860  2.73760  2.22906  4.75568  3.10980  3.52896  3.54907  2.29909  3.72048  4.46138  2.55912  2.18977  2.99056  2.95590  2.53558  2.90414  2.61505  5.85609  4.44998    307 p - - -
          2.68618  4.42225  2.77519  2.73123  3.46354  2.40513  3.72494  3.29354  2.67741  2.69355  4.24690  2.90347  2.73739  3.18146  2.89801  2.37887  2.77519  2.98518  4.58477  3.61503
          0.04658  5.11890  3.23061  0.61958  0.77255  1.39753  0.28397
    154   2.66120  5.38223  2.94225  1.91946  4.70924  2.52957  3.88517  2.97073  2.40844  3.67979  4.42770  2.65855  3.22045  2.92579  2.83849  2.66972  3.03491  2.47599  5.82588  4.42606    308 e - - -
          2.68618  4.42225  2.77519  2.73123  3.46354  2.40513  3.72494  3.29354  2.67741  2.69355  4.24690  2.90347  2.73739  3.18146  2.89801  2.37887  2.77519  2.98518  4.58477  3.61503
          0.00918  5.09142  5.81377  0.61958  0.77255  1.47796  0.25890
    155   2.83483  5.31683  2.74281  2.36644  4.61822  3.11349  3.90152  2.32286  2.06216  3.37894  4.36928  2.63623  2.91504  2.89204  3.14031  2.90230  3.05573  2.41117  5.77656  4.39356    309 k - - -
          2.68618  4.42225  2.77519  2.73123  3.46354  2.40513  3.72494  3.29354  2.67741  2.69355  4.24690  2.90347  2.73739  3.18146  2.89801  2.37887  2.77519  2.98518  4.58477  3.61503
          0.02027  5.09142  4.27477  0.61958  0.77255  1.27722  0.32685
    156   2.53185  5.41226  2.75912  2.43770  4.74581  2.95983  3.89576  3.55548  2.44240  3.48552  4.01036  2.54265  2.77034  2.99589  2.97238  1.86979  2.49507  3.63074  5.85192  4.44802    310 s - - -
          2.68618  4.42225  2.77519  2.73123  3.46354  2.40513  3.72494  3.29354  2.67741  2.69355  4.24690  2.90347  2.73739  3.18146  2.89801  2.37887  2.77519  2.98518  4.58477  3.61503
          0.16967  5.12422  1.89644  0.61958  0.77255  1.23578  0.34335
    157   2.91165  4.40020  4.32988  3.05849  3.00246  3.51146  4.30639  1.65217  3.18649  2.48419  3.51474  3.71913  4.37689  3.63623  3.82522  3.16119  3.14369  1.44830  5.01091  3.81703    311 v - - -
          2.68618  4.42225  2.77519  2.73123  3.46354  2.40513  3.72494  3.29354  2.67741  2.69355  4.24690  2.90347  2.73739  3.18146  2.89801  2.37887  2.77519  2.98518  4.58477  3.61503
          0.00991  5.01464  5.73699  0.61958  0.77255  1.29919  0.31849
    158   2.28543  5.41396  2.81986  1.98018  4.75705  3.24509  3.86973  3.25324  2.04086  3.71839  4.01882  2.97562  3.34319  2.20587  2.88257  2.75582  2.75067  3.80354  5.84782  4.43806    312 e - - -
          2.68675  4.42378  2.77600  2.72938  3.46507  2.40649  3.72648  3.29116  2.67700  2.69485  4.24843  2.90491  2.73465  3.18232  2.89920  2.37969  2.77609  2.97768  4.58630  3.61656
          1.72462  0.33311  2.25317  1.55057  0.23842  1.38234  0.28900
    159   2.53138  5.38428  2.43870  2.16241  4.72933  3.08317  3.66893  4.21527  1.98285  3.68953  4.10015  2.93832  4.04088  2.64803  2.45496  2.36038  2.58656  3.59882  5.81695  4.40602    322 k - - -
          2.68618  4.42225  2.77519  2.73123  3.46354  2.40513  3.72494  3.29354  2.67741  2.69355  4.24690  2.90347  2.73739  3.18146  2.89801  2.37887  2.77519  2.98518  4.58477  3.61503
          0.01011  4.99534  5.71769  0.61958  0.77255  1.57776  0.23122
    160   2.82234  4.33758  4.80178  4.19745  3.44089  4.11841  4.45221  1.21619  3.52632  2.19495  3.45532  4.24121  4.48013  4.16541  4.05942  3.14993  3.18375  1.66230  3.87800  3.80037    323 i - - -
          2.68618  4.42225  2.77519  2.73123  3.46354  2.40513  3.72494  3.29354  2.67741  2.69355  4.24690  2.90347  2.73739  3.18146  2.89801  2.37887  2.77519  2.98518  4.58477  3.61503
          0.04336  4.99534  3.33351  0.61958  0.77255  1.57776  0.23122
    161   2.73776  5.35273  2.51354  2.48872  3.95407  2.28588  3.82581  4.17005  2.50574  3.65457  4.39563  2.21643  4.03104  2.74424  2.44553  2.30832  2.74505  3.45183  5.79030  4.38418    324 n - - -
          2.68620  4.42227  2.77522  2.73126  3.46356  2.40515  3.72497  3.29344  2.67743  2.69343  4.24692  2.90349  2.73742  3.18149  2.89803  2.37885  2.77522  2.98505  4.58479  3.61505
          0.06798  2.77542  5.68477  0.38127  1.14883  0.86764  0.54463
    162   2.81472  4.82940  3.67430  2.56163  3.98832  3.16693  4.14172  2.20665  2.75649  2.44607  3.92506  2.88191  2.85410  3.13687  3.48109  3.13568  2.30667  2.24497  4.15255  3.88829    327 i - - -
          2.68618  4.42225  2.77519  2.73123  3.46354  2.40513  3.72494  3.29354  2.67741  2.69355  4.24690  2.90347  2.73739  3.18146  2.89801  2.37887  2.77519  2.98518  4.58477  3.61503
          0.02016  5.18425  4.24405  0.61958  0.77255  1.35983  0.29666
    163   2.64632  5.44690  2.41661  2.25852  4.04620  2.68867  3.91465  2.78211  2.38401  3.48528  4.48917  2.37296  4.12028  2.49595  2.87874  2.43871  2.99159  3.50766  5.88328  4.47605    328 e - - -
          2.68601  4.42313  2.77487  2.73087  3.46441  2.40505  3.72582  3.29400  2.67668  2.69442  4.24691  2.90356  2.73711  3.18150  2.89801  2.37863  2.77506  2.98516  4.58565  3.61542
          0.93457  0.50337  5.89490  1.07575  0.41709  1.09832  0.40561
    164   2.71008  5.49010  2.60161  1.94448  4.83570  2.39846  3.93838  4.32212  2.09878  3.79561  4.53066  2.64856  3.41786  2.57718  3.16606  2.27247  2.80437  3.88103  4.85173  4.51103    335 e - - -
          2.67868  4.42842  2.77520  2.72504  3.46852  2.39991  3.73039  3.29792  2.67762  2.69740  4.24679  2.90505  2.74070  3.18147  2.89875  2.37797  2.77582  2.98666  4.59058  3.62103
          1.75358  0.22486  3.56785  2.67670  0.07127  1.22970  0.34585
    165   2.44569  5.43038  2.91094  2.22657  4.45152  3.03675  3.94288  3.41325  2.11731  3.04482  4.15179  3.06113  2.46544  2.60923  3.05824  2.65190  2.71042  3.24420  4.49112  4.47812    401 k - - -
          2.68618  4.42225  2.77519  2.73123  3.46354  2.40513  3.72494  3.29354  2.67741  2.69355  4.24690  2.90347  2.73739  3.18146  2.89801  2.37887  2.77519  2.98518  4.58477  3.61503
          0.13819  5.21508  2.09045  0.61958  0.77255  0.80724  0.59075
    166   2.13873  4.79459  2.72109  2.19991  4.80974  2.83492  3.93110  4.29275  2.07501  3.77238  4.51067  2.98263  4.13697  2.88353  2.96455  2.23416  2.38050  3.14492  5.90411  4.01401    402 k - - -
          2.68618  4.42225  2.77519  2.73123  3.46354  2.40513  3.72494  3.29354  2.67741  2.69355  4.24690  2.90347  2.73739  3.18146  2.89801  2.37887  2.77519  2.98518  4.58477  3.61503
          0.00814  5.21034  5.93269  0.61958  0.77255  0.74568  0.64323
    167   2.55517  5.53789  2.59757  2.25621  4.88166  2.74751  3.80433  3.15065  2.32302  3.84262  4.08455  2.59292  2.41665  2.49819  3.13506  2.67778  2.76483  3.58136  5.97136  4.24556    403 e - - -
          2.68618  4.42225  2.77519  2.73123  3.46354  2.40513  3.72494  3.29354  2.67741  2.69355  4.24690  2.90347  2.73739  3.18146  2.89801  2.37887  2.77519  2.98518  4.58477  3.61503
          0.00715  5.33937  6.06171  0.61958  0.77255  1.03862  0.43687
    168   2.02411  4.79828  2.72542  2.24572  4.82433  3.39983  4.00618  3.31293  2.40216  2.92028  4.35785  3.02001  3.66476  2.73545  2.88061  2.58471  2.37654  2.91353  5.94330  4.23825    404 a - - -
          2.68618  4.42225  2.77519  2.73123  3.46354  2.40513  3.72494  3.29354  2.67741  2.69355  4.24690  2.90347  2.73739  3.18146  2.89801  2.37887  2.77519  2.98518  4.58477  3.61503
          0.03721  5.34734  3.44944  0.61958  0.77255  1.02505  0.44438
    169   2.28887  5.53120  2.38645  2.29334  4.11808  3.03575  3.98450  3.64488  2.29903  3.13798  4.57215  2.82821  4.19078  2.37008  2.66375  2.33869  2.63251  3.92125  5.96454  4.55425    405 a - - -
          2.68618  4.42225  2.77519  2.73123  3.46354  2.40513  3.72494  3.29354  2.67741  2.69355  4.24690  2.90347  2.73739  3.18146  2.89801  2.37887  2.77519  2.98518  4.58477  3.61503
          0.00726  5.32495  6.04729  0.61958  0.77255  0.94457  0.49241
    170   3.03788  5.54872  2.46529  2.15702  4.59909  3.40856  3.99867  3.37425  2.34838  3.18183  4.58936  2.69317  3.54019  2.30425  2.32031  2.29424  2.61413  3.77706  5.98135  4.57035    406 e - - -
          2.68618  4.42225  2.77519  2.73123  3.46354  2.40513  3.72494  3.29354  2.67741  2.69355  4.24690  2.90347  2.73739  3.18146  2.89801  2.37887  2.77519  2.98518  4.58477  3.61503
          0.01677  5.35462  4.43072  0.61958  0.77255  1.05499  0.42801
    171   2.67229  5.53896  3.00616  1.78525  4.26370  3.57438  3.99499  3.85997  1.94141  3.54931  4.58016  3.01626  3.30836  2.49541  2.54072  2.55391  3.26435  2.66136  5.97288  4.56317    407 e - - -
          2.68618  4.42225  2.77519  2.73123  3.46354  2.40513  3.72494  3.29354  2.67741  2.69355  4.24690  2.90347  2.73739  3.18146  2.89801  2.37887  2.77519  2.98518  4.58477  3.61503
          0.01165  5.34496  4.98981  0.61958  0.77255  0.90776  0.51655
    172   2.58004  5.50673  2.72168  1.80053  4.83115  3.45547  4.01763  3.43725  2.22194  2.46074  3.76360  2.74018  4.22128  2.58969  2.95170  2.92294  3.07159  3.35559  4.36277  3.56711    408 e - - -
          2.68618  4.42225  2.77519  2.73123  3.46354  2.40513  3.72494  3.29354  2.67741  2.69355  4.24690  2.90347  2.73739  3.18146  2.89801  2.37887  2.77519  2.98518  4.58477  3.61503
          0.00695  5.36862  6.09096  0.61958  0.77255  0.93452  0.49885
    173   2.19084  3.84064  3.18522  1.84304  3.76599  3.89316  3.81006  2.80888  2.46924  2.70995  4.33991  3.06982  4.28302  3.24539  2.64450  2.70892  2.97514  2.93815  5.77124  3.41522    409 e - - -
          2.68618  4.42225  2.77519  2.73123  3.46354  2.40513  3.72494  3.29354  2.67741  2.69355  4.24690  2.90347  2.73739  3.18146  2.89801  2.37887  2.77519  2.98518  4.58477  3.61503
          0.00685  5.38239  6.10473  0.61958  0.77255  0.98880  0.46525
    174   2.37507  5.56128  2.82896  1.84670  4.90577  2.47183  4.01309  3.49683  2.15727  3.40478  4.60209  2.79982  4.21944  2.93849  2.49900  2.52886  2.84759  3.64424  5.99430  4.58370    410 e - - -
          2.68618  4.42225  2.77519  2.73123  3.46354  2.40513  3.72494  3.29354  2.67741  2.69355  4.24690  2.90347  2.73739  3.18146  2.89801  2.37887  2.77519  2.98518  4.58477  3.61503
          0.00685  5.38239  6.10473  0.61958  0.77255  0.98880  0.46525
    175   2.62197  5.56516  2.89183  1.74933  4.91134  3.23460  3.45155  4.39808  1.86667  3.42233  4.60554  2.52998  3.77116  2.43393  2.57354  2.72709  3.28309  3.95639  4.92726  4.58557    411 e - - -
          2.68618  4.42225  2.77519  2.73123  3.46354  2.40513  3.72494  3.29354  2.67741  2.69355  4.24690  2.90347  2.73739  3.18146  2.89801  2.37887  2.77519  2.98518  4.58477  3.61503
          0.00685  5.38239  6.10473  0.61958  0.77255  0.98880  0.46525
    176   4.18844  5.39457  6.25995  5.72505  3.29470  5.68432  6.15421  1.18301  5.61539  1.19329  3.63204  5.85906  5.81644  5.62678  5.62691  5.08505  4.42014  1.36893  6.28443  5.23406    412 i - - -
          2.68618  4.42225  2.77519  2.73123  3.46354  2.40513  3.72494  3.29354  2.67741  2.69355  4.24690  2.90347  2.73739  3.18146  2.89801  2.37887  2.77519  2.98518  4.58477  3.61503
          0.00685  5.38239  6.10473  0.61958  0.77255  0.98880  0.46525
    177   2.45184  5.51944  3.32913  2.31130  4.84546  3.84052  4.02780  3.25183  1.58013  3.81563  4.56569  3.01689  4.23322  3.13114  1.86177  2.91006  2.49311  3.26899  5.96295  4.56624    413 k - - -
          2.68618  4.42225  2.77519  2.73123  3.46354  2.40513  3.72494  3.29354  2.67741  2.69355  4.24690  2.90347  2.73739  3.18146  2.89801  2.37887  2.77519  2.98518  4.58477  3.61503
          0.00685  5.38239  6.10473  0.61958  0.77255  0.98880  0.46525
    178   2.85634  5.56553  2.44977  1.98256  4.91174  3.05301  4.01240  4.14343  2.25064  3.87129  4.60591  2.33535  4.21893  2.08023  2.53728  2.55844  2.81708  3.95679  5.99752  4.15511    414 e - - -
          2.68618  4.42225  2.77519  2.73123  3.46354  2.40513  3.72494  3.29354  2.67741  2.69355  4.24690  2.90347  2.73739  3.18146  2.89801  2.37887  2.77519  2.98518  4.58477  3.61503
          0.00685  5.38239  6.10473  0.61958  0.77255  0.58594  0.81324
    179   2.17300  5.33189  2.88771  2.00527  3.59573  3.12242  4.12630  2.97634  2.29319  2.54664  3.87720  3.44737  4.31468  3.14044  3.17446  3.12549  2.63194  3.45384  5.82825  2.63538    415 e - - -
          2.68618  4.42225  2.77519  2.73123  3.46354  2.40513  3.72494  3.29354  2.67741  2.69355  4.24690  2.90347  2.73739  3.18146  2.89801  2.37887  2.77519  2.98518  4.58477  3.61503
          0.00654  5.42954  6.15188  0.61958  0.77255  0.78477  0.60922
    180   2.64602  4.60634  5.16612  4.02401  3.20516  4.41636  4.75455  1.59901  4.35501  1.06478  3.68828  4.56620  4.77196  4.49182  3.89812  3.72943  3.46798  2.10603  5.24847  4.07528    416 l - - -
          2.68618  4.42225  2.77519  2.73123  3.46354  2.40513  3.72494  3.29354  2.67741  2.69355  4.24690  2.90347  2.73739  3.18146  2.89801  2.37887  2.77519  2.98518  4.58477  3.61503
          0.00670  5.40511  6.12745  0.61958  0.77255  0.78477  0.60922
    181   1.48378  5.51721  3.33863  2.16716  4.83809  3.27934  3.61079  3.45429  2.71717  3.81210  4.56441  3.12115  4.24237  2.74512  2.99390  1.86748  3.29753  3.23943  5.96467  4.56892    417 a - - -
          2.68618  4.42225  2.77519  2.73123  3.46354  2.40513  3.72494  3.29354  2.67741  2.69355  4.24690  2.90347  2.73739  3.18146  2.89801  2.37887  2.77519  2.98518  4.58477  3.61503
          0.00670  5.40511  6.12745  0.61958  0.77255  0.78477  0.60922
    182   2.31170  5.57641  2.79476  1.94319  4.92240  3.40916  4.02399  4.14446  1.89479  3.32523  4.61683  2.64672  4.23052  2.53468  2.59331  2.39180  2.81256  3.96754  6.00853  4.59703    418 k - - -
          2.68618  4.42225  2.77519  2.73123  3.46354  2.40513  3.72494  3.29354  2.67741  2.69355  4.24690  2.90347  2.73739  3.18146  2.89801  2.37887  2.77519  2.98518  4.58477  3.61503
          0.00670  5.40511  6.12745  0.61958  0.77255  0.78477  0.60922
    183   2.86778  5.49792  3.13986  2.04339  2.79885  2.81936  4.04341  2.84222  2.35810  3.63634  4.29466  2.61339  4.24541  2.71687  2.55160  2.84559  3.11197  3.27957  5.95005  2.80117    419 e - - -
          2.68618  4.42225  2.77519  2.73123  3.46354  2.40513  3.72494  3.29354  2.67741  2.69355  4.24690  2.90347  2.73739  3.18146  2.89801  2.37887  2.77519  2.98518  4.58477  3.61503
          0.00673  5.40026  6.12260  0.61958  0.77255  0.78477  0.60922
    184   3.28423  3.48402  5.20112  4.61047  2.27419  4.43449  4.61175  2.96718  4.39700  1.69507  3.62140  4.56182  4.79264  4.50722  4.39948  3.35207  3.51544  2.90218  1.85748  1.61015    420 y - - -
          2.68618  4.42225  2.77519  2.73123  3.46354  2.40513  3.72494  3.29354  2.67741  2.69355  4.24690  2.90347  2.73739  3.18146  2.89801  2.37887  2.77519  2.98518  4.58477  3.61503
          0.00673  5.40026  6.12260  0.61958  0.77255  0.78477  0.60922
    185   3.11415  5.63432  2.22996  2.13790  4.97845  1.72006  3.41423  4.46742  2.29074  3.93883  4.67718  2.17882  4.26601  2.50571  3.07566  3.07127  3.34744  4.02483  6.06515  4.64862    421 g - - -
          2.68618  4.42225  2.77519  2.73123  3.46354  2.40513  3.72494  3.29354  2.67741  2.69355  4.24690  2.90347  2.73739  3.18146  2.89801  2.37887  2.77519  2.98518  4.58477  3.61503
          0.00673  5.40026  6.12260  0.61958  0.77255  0.78477  0.60922
    186   4.00532  5.22905  6.09129  5.57116  4.32469  5.50371  6.04242  1.26905  5.46243  1.37895  3.19984  5.67192  5.72135  5.59619  5.52860  4.89552  3.62370  1.14949  6.33105  5.18985    422 v - - -
          2.68618  4.42225  2.77519  2.73123  3.46354  2.40513  3.72494  3.29354  2.67741  2.69355  4.24690  2.90347  2.73739  3.18146  2.89801  2.37887  2.77519  2.98518  4.58477  3.61503
          0.00673  5.40026  6.12260  0.61958  0.77255  0.78477  0.60922
    187   2.98327  5.08401  2.10723  1.76358  4.91894  3.33634  3.88102  4.40512  2.43387  3.87902  4.61433  3.30268  2.57627  2.91484  2.90050  1.85567  3.29353  3.96442  6.00617  3.95206    423 e - - -
          2.68618  4.42225  2.77519  2.73123  3.46354  2.40513  3.72494  3.29354  2.67741  2.69355  4.24690  2.90347  2.73739  3.18146  2.89801  2.37887  2.77519  2.98518  4.58477  3.61503
          0.00685  5.38239  6.10473  0.61958  0.77255  0.78477  0.60922
    188   3.05299  5.54365  2.98795  1.70575  4.88045  3.65794  4.01765  3.42162  1.95916  3.03838  4.58652  3.30047  2.21325  3.11671  2.65113  2.38208  3.28414  3.60469  5.98127  4.33551    424 e - - -
          2.68618  4.42225  2.77519  2.73123  3.46354  2.40513  3.72494  3.29354  2.67741  2.69355  4.24690  2.90347  2.73739  3.18146  2.89801  2.37887  2.77519  2.98518  4.58477  3.61503
          0.00685  5.38239  6.10473  0.61958  0.77255  0.78477  0.60922
    189   2.83811  5.57150  1.89383  1.83500  4.91698  3.08610  4.01785  4.40373  2.25390  3.67471  4.61230  2.70845  4.22354  3.00674  3.15103  2.09426  2.58072  3.96240  6.00370  4.59167    425 e - - -
          2.68618  4.42225  2.77519  2.73123  3.46354  2.40513  3.72494  3.29354  2.67741  2.69355  4.24690  2.90347  2.73739  3.18146  2.89801  2.37887  2.77519  2.98518  4.58477  3.61503
          0.00685  5.38239  6.10473  0.61958  0.77255  0.78477  0.60922
    190   2.33191  5.55803  2.75917  2.74712  4.90109  3.58359  2.81544  3.77910  1.99897  3.14141  4.26406  2.09550  4.22016  2.27809  2.39353  2.90909  3.28339  3.70376  5.99188  4.58221    426 k - - -
          2.68618  4.42225  2.77519  2.73123  3.46354  2.40513  3.72494  3.29354  2.67741  2.69355  4.24690  2.90347  2.73739  3.18146  2.89801  2.37887  2.77519  2.98518  4.58477  3.61503
          0.00685  5.38239  6.10473  0.61958  0.77255  0.78477  0.60922
    191   3.81851  3.71419  5.89074  5.36806  4.38086  5.27467  5.81067  0.63259  5.24555  2.92580  4.22380  5.43842  5.55604  5.44423  5.33289  4.65200  4.06870  1.38013  6.21996  3.75851    427 I - - -
          2.68618  4.42225  2.77519  2.73123  3.46354  2.40513  3.72494  3.29354  2.67741  2.69355  4.24690  2.90347  2.73739  3.18146  2.89801  2.37887  2.77519  2.98518  4.58477  3.61503
          0.00685  5.38239  6.10473  0.61958  0.77255  0.78477  0.60922
    192   2.76787  4.22579  3.16474  2.11849  4.47808  3.82720  3.34820  3.72020  2.12775  3.85859  4.59630  2.85471  4.22059  2.02567  2.57991  2.53891  2.24330  3.50886  5.98947  3.91640    428 q - - -
          2.68618  4.42225  2.77519  2.73123  3.46354  2.40513  3.72494  3.29354  2.67741  2.69355  4.24690  2.90347  2.73739  3.18146  2.89801  2.37887  2.77519  2.98518  4.58477  3.61503
          0.00685  5.38239  6.10473  0.61958  0.77255  0.78477  0.60922
    193   4.10505  5.29026  6.23866  5.76149  3.44220  5.73446  6.41264  1.13452  5.70229  2.47209  3.91405  5.90310  5.91475  5.88149  5.81721  5.16561  4.35690  0.75080  6.64063  5.47175    429 v - - -
          2.68618  4.42225  2.77519  2.73123  3.46354  2.40513  3.72494  3.29354  2.67741  2.69355  4.24690  2.90347  2.73739  3.18146  2.89801  2.37887  2.77519  2.98518  4.58477  3.61503
          0.00685  5.38239  6.10473  0.61958  0.77255  0.78477  0.60922
    194   2.78201  5.42440  2.93526  2.37300  3.65056  3.58972  3.62113  3.60778  2.65263  2.69230  3.72790  2.98125  4.24647  2.16400  2.88300  2.27861  3.08601  2.69278  5.89147  2.76084    430 q - - -
          2.68618  4.42225  2.77519  2.73123  3.46354  2.40513  3.72494  3.29354  2.67741  2.69355  4.24690  2.90347  2.73739  3.18146  2.89801  2.37887  2.77519  2.98518  4.58477  3.61503
          0.00705  5.35354  6.07588  0.61958  0.77255  0.78477  0.60922
    195   2.60579  3.72186  3.09400  2.97206  3.88026  4.07522  4.33601  2.36366  2.70148  2.33172  2.66398  3.56985  4.45305  3.40103  3.04612  2.83817  3.20297  2.29693  2.60338  3.43281    431 v - - -
          2.68618  4.42225  2.77519  2.73123  3.46354  2.40513  3.72494  3.29354  2.67741  2.69355  4.24690  2.90347  2.73739  3.18146  2.89801  2.37887  2.77519  2.98518  4.58477  3.61503
          0.00714  5.34191  6.06425  0.61958  0.77255  0.78477  0.60922
    196   2.62673  5.45241  3.32151  1.97939  4.76064  3.12054  4.01460  3.31927  2.50175  2.67709  3.92735  2.62477  3.54634  2.81819  2.65521  2.45387  2.85931  2.48092  5.90779  4.52021    432 e - - -
          2.68618  4.42225  2.77519  2.73123  3.46354  2.40513  3.72494  3.29354  2.67741  2.69355  4.24690  2.90347  2.73739  3.18146  2.89801  2.37887  2.77519  2.98518  4.58477  3.61503
          0.00788  5.24324  5.96559  0.61958  0.77255  0.78477  0.60922
    197   2.84054  5.50915  2.67383  1.65751  4.85491  2.07657  3.57431  4.34191  2.08362  3.81450  4.55010  2.89303  4.15847  2.63086  2.65484  2.81440  3.22649  3.90025  5.94078  4.52843    433 e - - -
          2.68618  4.42225  2.77519  2.73123  3.46354  2.40513  3.72494  3.29354  2.67741  2.69355  4.24690  2.90347  2.73739  3.18146  2.89801  2.37887  2.77519  2.98518  4.58477  3.61503
          0.05258  5.18867  3.08691  0.61958  0.77255  0.33593  1.25411
    198   2.45131  5.49643  2.15260  1.98229  4.84149  2.44921  3.16846  4.32751  2.56991  3.80171  4.53712  2.73521  2.78578  2.87181  2.86899  2.94787  3.04350  3.68506  5.92909  3.54433    434 e - - -
          2.68618  4.42225  2.77519  2.73123  3.46354  2.40513  3.72494  3.29354  2.67741  2.69355  4.24690  2.90347  2.73739  3.18146  2.89801  2.37887  2.77519  2.98518  4.58477  3.61503
          0.04816  5.04464  3.20466  0.61958  0.77255  0.62222  0.76950
    199   2.71616  5.37799  2.76464  1.98391  4.71835  2.46757  3.45370  4.20101  2.44175  2.90464  4.41991  2.70761  3.45129  2.39213  2.85441  2.84296  2.87334  2.86124  5.81349  4.40538    435 e - - -
          2.68618  4.42225  2.77519  2.73123  3.46354  2.40513  3.72494  3.29354  2.67741  2.69355  4.24690  2.90347  2.73739  3.18146  2.89801  2.37887  2.77519  2.98518  4.58477  3.61503
          0.01129  4.88530  5.60764  0.61958  0.77255  0.71418  0.67255
    200   2.65491  5.33531  2.60771  2.15562  4.67833  3.25788  3.79130  4.16285  2.26584  3.63972  3.61183  2.55896  3.40478  2.44702  2.74587  2.26597  2.49369  3.72485  4.84538  4.35950    436 e - - -
          2.68618  4.42225  2.77519  2.73123  3.46354  2.40513  3.72494  3.29354  2.67741  2.69355  4.24690  2.90347  2.73739  3.18146  2.89801  2.37887  2.77519  2.98518  4.58477  3.61503
          0.01210  4.81659  5.53893  0.61958  0.77255  0.71418  0.67255
    201   2.51452  5.33270  2.37430  2.02478  4.67541  2.23436  3.25817  4.16122  2.05313  3.63671  4.37503  2.90015  3.98307  2.87788  2.72694  2.67579  3.05480  3.72228  5.76562  4.35347    437 e - - -
          2.68618  4.42225  2.77519  2.73123  3.46354  2.40513  3.72494  3.29354  2.67741  2.69355  4.24690  2.90347  2.73739  3.18146  2.89801  2.37887  2.77519  2.98518  4.58477  3.61503
          0.13103  4.72575  2.17205  0.61958  0.77255  0.71418  0.67255
    202   2.49832  5.20085  2.89610  2.16100  4.52583  2.18066  3.70865  3.99715  2.12025  2.95223  4.24793  2.77759  3.40428  2.81274  2.66024  2.71250  2.97239  3.58088  5.64523  4.24750    438 k - - -
          2.68618  4.42225  2.77519  2.73123  3.46354  2.40513  3.72494  3.29354  2.67741  2.69355  4.24690  2.90347  2.73739  3.18146  2.89801  2.37887  2.77519  2.98518  4.58477  3.61503
          0.17192  4.59315  1.91165  0.61958  0.77255  0.88562  0.53181
    203   2.68073  5.00907  2.38591  2.45255  4.28640  3.48492  3.36894  3.72680  2.14183  3.28454  2.95878  2.67017  3.87642  2.62412  2.78307  2.68182  2.91177  2.95887  3.82715  4.11896    439 k - - -
          2.68619  4.42105  2.77538  2.73163  3.46420  2.40342  3.72510  3.29350  2.67802  2.69444  4.24800  2.90375  2.73766  3.18178  2.89757  2.37783  2.77485  2.98603  4.58587  3.61613
          0.83371  0.56993        *  2.66260  0.07232  0.00000        *
//
