HMMER3/f [3.1b2 | February 2015]
NAME  PF08183
LENG  25
ALPH  amino
RF    no
MM    no
CONS  yes
CS    no
MAP   yes
DATE  Thu Mar 29 10:59:29 2018
NSEQ  104
EFFN  8.159912
CKSUM 1790202843
STATS LOCAL MSV       -6.3227  0.72014
STATS LOCAL VITERBI   -6.6029  0.72014
STATS LOCAL FORWARD   -4.2024  0.72014
HMM          A        C        D        E        F        G        H        I        K        L        M        N        P        Q        R        S        T        V        W        Y   
            m->m     m->i     m->d     i->m     i->i     d->m     d->d
  COMPO   2.87706  4.91096  4.55248  3.87551  2.33096  2.49242  5.17878  2.63542  2.04728  2.06665  2.92740  3.78023  3.34737  4.15147  2.81481  3.52518  3.01858  2.56038  5.27825  3.11818
          2.68622  4.42229  2.77523  2.73127  3.46357  2.40516  3.72498  3.29358  2.67744  2.69358  4.24432  2.90350  2.73743  3.18150  2.89804  2.37890  2.77523  2.98522  4.58481  3.61507
          0.15738  3.10762  2.29350  0.22426  1.60499  0.00000        *
      1   4.52748  5.88830  6.50542  6.13629  4.45759  5.64389  6.56512  3.26643  5.90740  2.76498  0.31273  6.13057  6.04116  5.98191  5.90941  5.16619  4.86283  2.27631  6.66610  5.58002      3 M - - -
          2.68618  4.42225  2.77519  2.73123  3.46354  2.40513  3.72494  3.29354  2.67741  2.69355  4.24690  2.90347  2.73739  3.18146  2.89801  2.37887  2.77519  2.98518  4.58477  3.61503
          0.00511  5.67469  6.39704  0.61958  0.77255  0.27289  1.43204
      2   4.96848  6.82101  6.04033  4.67171  6.63446  5.34551  4.93442  5.76395  0.41881  4.98778  5.92590  4.85893  5.61443  4.06041  1.40347  4.92451  4.97343  5.49809  6.84392  5.89793      4 K - - -
          2.68618  4.42225  2.77519  2.73123  3.46354  2.40513  3.72494  3.29354  2.67741  2.69355  4.24690  2.90347  2.73739  3.18146  2.89801  2.37887  2.77519  2.98518  4.58477  3.61503
          0.00460  5.77940  6.50175  0.61958  0.77255  0.48576  0.95510
      3   4.40113  5.85095  5.69868  5.46953  0.57085  5.25064  5.12607  4.12679  5.42340  3.87753  5.06857  1.76923  5.75836  5.47735  5.47336  4.68871  4.73674  2.09329  5.34444  3.66884      5 F - - -
          2.68618  4.42225  2.77519  2.73123  3.46354  2.40513  3.72494  3.29354  2.67741  2.69355  4.24690  2.90347  2.73739  3.18146  2.89801  2.37887  2.77519  2.98518  4.58477  3.61503
          0.00460  5.77940  6.50175  0.61958  0.77255  0.48576  0.95510
      4   6.31060  7.14512  6.71431  6.77424  4.14860  6.12909  5.68595  6.30851  6.71976  5.37307  6.79849  6.39630  6.63497  6.60453  6.52470  6.27755  6.61407  6.22932  5.77958  0.05044      6 Y - - -
          2.68618  4.42225  2.77519  2.73123  3.46354  2.40513  3.72494  3.29354  2.67741  2.69355  4.24690  2.90347  2.73739  3.18146  2.89801  2.37887  2.77519  2.98518  4.58477  3.61503
          0.00460  5.77940  6.50175  0.61958  0.77255  0.48576  0.95510
      5   1.58093  5.50734  5.92701  5.93467  6.35557  4.30923  6.49970  5.75847  5.86484  5.53396  6.30867  5.22614  5.19116  5.95388  5.83132  3.82168  0.34417  4.88573  7.70331  6.70498      7 T - - -
          2.68618  4.42225  2.77519  2.73123  3.46354  2.40513  3.72494  3.29354  2.67741  2.69355  4.24690  2.90347  2.73739  3.18146  2.89801  2.37887  2.77519  2.98518  4.58477  3.61503
          0.00460  5.77940  6.50175  0.61958  0.77255  0.48576  0.95510
      6   4.89299  6.03066  6.88020  6.42039  1.75095  6.41117  6.40141  0.43760  6.32932  2.47420  4.24038  6.50498  6.41826  6.17413  6.27495  5.86924  5.11570  3.21759  6.35471  4.98772      8 I - - -
          2.68618  4.42225  2.77519  2.73123  3.46354  2.40513  3.72494  3.29354  2.67741  2.69355  4.24690  2.90347  2.73739  3.18146  2.89801  2.37887  2.77519  2.98518  4.58477  3.61503
          0.00460  5.77940  6.50175  0.61958  0.77255  0.48576  0.95510
      7   4.97415  6.82469  6.00646  4.67827  6.63624  5.34669  4.95058  5.77688  0.28130  5.00205  5.94080  4.86899  5.62229  4.07756  1.89906  4.93180  4.98425  5.50914  6.85549  5.90926      9 K - - -
          2.68618  4.42225  2.77519  2.73123  3.46354  2.40513  3.72494  3.29354  2.67741  2.69355  4.24690  2.90347  2.73739  3.18146  2.89801  2.37887  2.77519  2.98518  4.58477  3.61503
          0.00460  5.77940  6.50175  0.61958  0.77255  0.48576  0.95510
      8   5.84925  6.89097  7.01477  6.84671  4.97835  6.27951  7.19264  4.36645  6.79031  0.05888  4.79224  7.11062  6.63090  6.69815  6.62245  6.57120  6.11126  4.76374  7.10003  6.20586     10 L - - -
          2.68618  4.42225  2.77519  2.73123  3.46354  2.40513  3.72494  3.29354  2.67741  2.69355  4.24690  2.90347  2.73739  3.18146  2.89801  2.37887  2.77519  2.98518  4.58477  3.61503
          0.00460  5.77940  6.50175  0.61958  0.77255  0.48576  0.95510
      9   5.19216  6.83895  5.99365  5.64190  6.93540  5.45291  6.26360  6.69670  4.60913  6.02313  7.02032  5.82056  0.29252  5.54214  1.60852  5.33822  5.59535  6.18046  7.58032  6.80587     11 P - - -
          2.68618  4.42225  2.77519  2.73123  3.46354  2.40513  3.72494  3.29354  2.67741  2.69355  4.24690  2.90347  2.73739  3.18146  2.89801  2.37887  2.77519  2.98518  4.58477  3.61503
          0.00460  5.77940  6.50175  0.61958  0.77255  0.48576  0.95510
     10   3.89856  6.34558  2.41660  2.20734  5.76184  4.46982  4.62985  5.19602  0.73544  4.60748  5.40618  3.93048  4.91217  3.74677  1.88357  3.83314  4.11061  4.78243  6.66592  5.34167     12 k - - -
          2.68618  4.42225  2.77519  2.73123  3.46354  2.40513  3.72494  3.29354  2.67741  2.69355  4.24690  2.90347  2.73739  3.18146  2.89801  2.37887  2.77519  2.98518  4.58477  3.61503
          0.00460  5.77940  6.50175  0.61958  0.77255  0.48576  0.95510
     11   1.68159  5.61196  6.06706  5.81252  0.44441  4.81197  5.65726  4.03902  5.65565  3.71812  4.96664  5.40207  5.50402  5.69609  5.63664  4.28205  4.42878  3.12772  5.97017  4.40970     13 F - - -
          2.68618  4.42225  2.77519  2.73123  3.46354  2.40513  3.72494  3.29354  2.67741  2.69355  4.24690  2.90347  2.73739  3.18146  2.89801  2.37887  2.77519  2.98518  4.58477  3.61503
          0.00460  5.77940  6.50175  0.61958  0.77255  0.48576  0.95510
     12   1.91779  5.51301  6.35123  5.82536  4.58164  5.73655  6.26705  2.11765  5.70684  0.82738  4.37072  5.91455  5.97053  5.83266  5.76492  5.12378  4.52151  1.50702  6.56682  5.42985     14 l - - -
          2.68618  4.42225  2.77519  2.73123  3.46354  2.40513  3.72494  3.29354  2.67741  2.69355  4.24690  2.90347  2.73739  3.18146  2.89801  2.37887  2.77519  2.98518  4.58477  3.61503
          0.00460  5.77940  6.50175  0.61958  0.77255  0.48576  0.95510
     13   3.10160  5.50100  5.68458  5.73648  6.45568  0.30192  6.47850  5.99636  5.88586  5.68046  6.39700  5.15782  5.16605  5.91206  5.87473  1.89229  4.17876  4.97620  7.78206  6.78455     15 G - - -
          2.68618  4.42225  2.77519  2.73123  3.46354  2.40513  3.72494  3.29354  2.67741  2.69355  4.24690  2.90347  2.73739  3.18146  2.89801  2.37887  2.77519  2.98518  4.58477  3.61503
          0.00460  5.77940  6.50175  0.61958  0.77255  0.48576  0.95510
     14   4.25297  6.74091  3.42422  2.43400  6.34561  0.44454  5.16198  5.89911  4.19873  5.35639  6.23079  4.01081  5.16012  2.29850  4.76504  3.20063  4.60371  5.37658  7.48712  5.96585     16 G - - -
          2.68618  4.42225  2.77519  2.73123  3.46354  2.40513  3.72494  3.29354  2.67741  2.69355  4.24690  2.90347  2.73739  3.18146  2.89801  2.37887  2.77519  2.98518  4.58477  3.61503
          0.00460  5.77940  6.50175  0.61958  0.77255  0.48576  0.95510
     15   4.43359  5.66878  6.47536  5.91148  1.22990  5.83757  6.23218  1.46899  5.76965  2.02753  2.67233  6.01349  5.99578  5.76079  5.75380  5.21403  4.65891  1.52956  6.40258  5.35237     17 f - - -
          2.68618  4.42225  2.77519  2.73123  3.46354  2.40513  3.72494  3.29354  2.67741  2.69355  4.24690  2.90347  2.73739  3.18146  2.89801  2.37887  2.77519  2.98518  4.58477  3.61503
          0.00460  5.77940  6.50175  0.61958  0.77255  0.48576  0.95510
     16   4.45148  5.61905  6.65221  6.24605  5.21188  6.19023  7.25317  1.53839  6.25185  3.57243  4.87884  6.40559  6.40460  6.58726  6.47622  5.68063  2.78625  0.43529  7.49622  6.21046     18 V - - -
          2.68618  4.42225  2.77519  2.73123  3.46354  2.40513  3.72494  3.29354  2.67741  2.69355  4.24690  2.90347  2.73739  3.18146  2.89801  2.37887  2.77519  2.98518  4.58477  3.61503
          0.00460  5.77940  6.50175  0.61958  0.77255  0.48576  0.95510
     17   4.77983  6.71890  5.59009  4.50357  6.51637  1.78553  4.89797  5.68120  1.43989  4.93459  5.85430  4.74326  5.52095  4.02309  0.70783  4.74563  4.84035  5.38577  6.81888  5.83345     19 r - - -
          2.68618  4.42225  2.77519  2.73123  3.46354  2.40513  3.72494  3.29354  2.67741  2.69355  4.24690  2.90347  2.73739  3.18146  2.89801  2.37887  2.77519  2.98518  4.58477  3.61503
          0.00460  5.77940  6.50175  0.61958  0.77255  0.48576  0.95510
     18   1.05116  5.01732  4.43679  3.86662  4.16825  3.64681  4.68655  3.28671  1.90312  3.23732  2.19474  4.21523  4.77606  4.07785  4.07762  3.65164  3.61864  2.32538  5.63845  4.42160     20 a - - -
          2.68618  4.42225  2.77519  2.73123  3.46354  2.40513  3.72494  3.29354  2.67741  2.69355  4.24690  2.90347  2.73739  3.18146  2.89801  2.37887  2.77519  2.98518  4.58477  3.61503
          0.00460  5.77940  6.50175  0.61958  0.77255  0.48576  0.95510
     19   4.17955  2.19790  6.22540  5.66326  4.37499  5.55245  5.97873  1.64327  5.50983  1.46650  1.52317  5.72431  5.79569  5.59410  5.52826  4.91324  4.41469  1.81949  6.29187  5.17424     21 l - - -
          2.68618  4.42225  2.77519  2.73123  3.46354  2.40513  3.72494  3.29354  2.67741  2.69355  4.24690  2.90347  2.73739  3.18146  2.89801  2.37887  2.77519  2.98518  4.58477  3.61503
          0.00460  5.77940  6.50175  0.61958  0.77255  0.48576  0.95510
     20   3.98284  6.24825  7.13474  6.55806  4.23874  6.65013  6.91328  2.16052  6.45359  0.27199  3.24981  6.85867  6.46168  6.11255  6.29694  6.11103  5.30829  3.69727  6.62518  5.78652     22 L - - -
          2.68618  4.42225  2.77519  2.73123  3.46354  2.40513  3.72494  3.29354  2.67741  2.69355  4.24690  2.90347  2.73739  3.18146  2.89801  2.37887  2.77519  2.98518  4.58477  3.61503
          0.00460  5.77940  6.50175  0.61958  0.77255  0.48576  0.95510
     21   3.30055  5.70750  3.71554  2.86280  1.94303  1.16062  4.65816  4.55525  3.51949  4.15446  4.97135  1.67616  4.73448  3.82213  3.99519  2.78714  3.55836  4.18751  6.38824  5.04252     23 g - - -
          2.68618  4.42225  2.77519  2.73123  3.46354  2.40513  3.72494  3.29354  2.67741  2.69355  4.24690  2.90347  2.73739  3.18146  2.89801  2.37887  2.77519  2.98518  4.58477  3.61503
          0.00460  5.77940  6.50175  0.61958  0.77255  0.48576  0.95510
     22   1.64594  4.84410  4.85732  4.27254  3.95873  4.45969  4.79062  2.91907  4.14965  3.04947  3.51502  4.46621  4.84144  4.36666  4.32389  1.53929  1.75544  2.79606  2.47571  4.27708     24 s - - -
          2.68618  4.42225  2.77519  2.73123  3.46354  2.40513  3.72494  3.29354  2.67741  2.69355  4.24690  2.90347  2.73739  3.18146  2.89801  2.37887  2.77519  2.98518  4.58477  3.61503
          0.12976  5.77940  2.13195  0.61958  0.77255  0.48576  0.95510
     23   4.33264  5.63080  6.15164  5.62455  0.63015  3.37827  5.50040  3.46784  5.43330  1.33198  3.54131  5.60326  5.73156  5.39940  5.39684  4.85770  4.56070  3.61646  5.67759  4.27908     25 F - - -
          2.68618  4.42225  2.77519  2.73123  3.46354  2.40513  3.72494  3.29354  2.67741  2.69355  4.24690  2.90347  2.73739  3.18146  2.89801  2.37887  2.77519  2.98518  4.58477  3.61503
          0.12533  5.65485  2.16895  0.61958  0.77255  1.02804  0.44271
     24   3.52648  5.93129  3.83953  3.21673  5.35556  4.24283  3.57875  4.77680  0.85193  4.19840  4.97870  2.90628  4.61278  2.29648  2.00930  2.98299  3.47643  4.36991  6.25884  4.96029     26 k - - -
          2.68618  4.42225  2.77519  2.73123  3.46354  2.40513  3.72494  3.29354  2.67741  2.69355  4.24690  2.90347  2.73739  3.18146  2.89801  2.37887  2.77519  2.98518  4.58477  3.61503
          0.00588  5.53539  6.25774  0.61958  0.77255  0.18040  1.80142
     25   3.68282  5.84040  4.06093  2.27414  5.13543  4.44111  4.55074  4.43485  0.72361  4.04683  2.37936  3.96980  4.82572  3.69529  3.41497  3.71019  3.89404  2.54261  6.28318  5.00969     27 k - - -
          2.68639  4.42246  2.77540  2.73144  3.46375  2.40534  3.72515  3.29375  2.67762  2.69376  4.24711  2.90176  2.73760  3.18167  2.89822  2.37908  2.77372  2.98539  4.58498  3.61524
          0.12826  2.11713        *  0.68400  0.70238  0.00000        *
//
