HMMER3/f [3.1b1 | May 2013]
NAME  NOG.ENOG411226C.meta_raw
LENG  70
ALPH  amino
RF    no
MM    no
CONS  yes
CS    no
MAP   yes
DATE  Sat Apr 18 12:06:31 2015
NSEQ  85
EFFN  1.486359
CKSUM 1575334211
STATS LOCAL MSV       -8.6782  0.71871
STATS LOCAL VITERBI   -9.1798  0.71871
STATS LOCAL FORWARD   -4.3769  0.71871
HMM          A        C        D        E        F        G        H        I        K        L        M        N        P        Q        R        S        T        V        W        Y   
            m->m     m->i     m->d     i->m     i->i     d->m     d->d
  COMPO   2.40149  4.74882  3.03975  2.61669  3.69809  2.48504  3.99370  2.95566  2.62133  2.53180  3.48013  2.90543  3.55990  2.86639  2.94496  2.63472  2.83471  2.67791  5.25579  3.85385
          2.68619  4.42226  2.77520  2.73124  3.46355  2.40514  3.72495  3.29355  2.67742  2.69356  4.24659  2.90342  2.73740  3.18147  2.89802  2.37888  2.77515  2.98519  4.58478  3.61504
          0.19770  2.98301  2.04990  0.68606  0.70029  0.00000        *
      1   3.27654  4.77800  4.43839  4.07166  3.40907  4.10264  4.72805  2.62145  3.81784  1.96318  0.84707  4.30282  4.57665  4.18322  3.98016  3.65486  3.59472  2.66489  5.28695  4.07352      4 m - - -
          2.68618  4.42225  2.77519  2.73123  3.46354  2.40513  3.72494  3.29354  2.67741  2.69355  4.24690  2.90347  2.73739  3.18146  2.89801  2.37887  2.77519  2.98518  4.58477  3.61503
          0.24940  4.21334  1.58019  0.61958  0.77255  0.59622  0.80048
      2   2.21224  4.68402  3.04770  2.54603  3.93773  3.44241  3.67994  3.31756  1.90877  2.96189  3.00255  3.00032  3.85108  2.85919  2.86886  2.61652  2.79500  3.02108  5.23527  3.93726      5 k - - -
          2.68679  4.41879  2.77745  2.73293  3.46276  2.40420  3.72624  3.29026  2.67695  2.69304  4.24433  2.90556  2.73732  3.17870  2.89536  2.37927  2.77684  2.98655  4.58764  3.61359
          0.52994  1.29733  1.97977  3.87726  0.02092  0.47647  0.97014
      3   2.09460  4.74772  3.01832  2.52250  4.10711  3.38849  3.72231  3.51917  2.52983  3.13230  3.70251  2.00250  3.78167  2.77148  2.97491  2.49570  2.66535  3.17697  5.37730  4.05419     81 n - - -
          2.68618  4.42225  2.77519  2.73123  3.46354  2.40513  3.72494  3.29354  2.67741  2.69355  4.24690  2.90347  2.73739  3.18146  2.89801  2.37887  2.77519  2.98518  4.58477  3.61503
          0.13437  4.19342  2.20146  0.61958  0.77255  0.41917  1.07176
      4   2.48955  4.88773  2.97798  2.45575  4.15410  3.21895  3.66612  3.57831  2.44614  3.16476  3.12924  2.04173  3.85166  2.55277  2.78802  2.53544  2.81170  3.23905  5.39074  4.04698     82 n - - -
          2.68619  4.42226  2.77520  2.73124  3.46354  2.40510  3.72495  3.29355  2.67741  2.69355  4.24660  2.90347  2.73740  3.18147  2.89801  2.37887  2.77520  2.98519  4.58477  3.61504
          0.23916  3.56641  1.69035  0.46206  0.99421  0.60401  0.79101
      5   2.55669  5.02666  2.96913  2.45893  4.36740  3.45787  3.63368  3.79157  2.19550  3.31842  4.11955  2.32085  3.86862  2.66635  1.90949  2.51555  2.95460  3.42650  5.47669  4.15168     84 r - - -
          2.68618  4.42225  2.77519  2.73123  3.46354  2.40513  3.72494  3.29354  2.67741  2.69355  4.24690  2.90347  2.73739  3.18146  2.89801  2.37887  2.77519  2.98518  4.58477  3.61503
          0.03891  4.13008  3.81311  0.61958  0.77255  0.48445  0.95721
      6   2.66870  5.09861  2.85420  1.87195  4.41224  3.28901  3.63790  3.87602  2.39067  3.39050  3.96802  2.23612  3.83602  2.70640  2.72864  2.35315  2.73293  3.47324  5.55158  4.07656     85 e - - -
          2.68618  4.42225  2.77519  2.73123  3.46354  2.40513  3.72494  3.29354  2.67741  2.69355  4.24690  2.90347  2.73739  3.18146  2.89801  2.37887  2.77519  2.98518  4.58477  3.61503
          0.02009  4.31342  5.03577  0.61958  0.77255  0.42705  1.05679
      7   2.72313  5.11760  2.98668  2.46486  4.46107  3.29308  3.69431  3.91016  2.35166  3.42669  4.20188  2.40726  3.09447  2.76895  1.79746  2.36968  2.97368  3.51683  5.58350  4.21884     86 r - - -
          2.68618  4.42225  2.77519  2.73123  3.46354  2.40513  3.72494  3.29354  2.67741  2.69355  4.24690  2.90347  2.73739  3.18146  2.89801  2.37887  2.77519  2.98518  4.58477  3.61503
          0.01819  4.41163  5.13398  0.61958  0.77255  0.49984  0.93300
      8   2.72310  4.89800  2.94468  2.65667  4.58738  3.15336  3.98539  4.04688  2.81459  3.61910  4.42522  1.28090  3.95847  3.14961  3.10710  1.97782  2.96769  3.59136  5.80340  4.46021     87 n - - -
          2.68618  4.42225  2.77519  2.73123  3.46354  2.40513  3.72494  3.29354  2.67741  2.69355  4.24690  2.90347  2.73739  3.18146  2.89801  2.37887  2.77519  2.98518  4.58477  3.61503
          0.01814  4.41428  5.13662  0.61958  0.77255  0.47545  0.97182
      9   2.71261  4.94534  3.08810  2.56547  4.31839  3.48774  3.75964  3.74479  2.45124  3.31560  4.11720  2.74455  3.92231  2.89927  2.32530  1.95692  1.94507  3.38020  5.51811  4.18497     88 t - - -
          2.68618  4.42225  2.77519  2.73123  3.46354  2.40513  3.72494  3.29354  2.67741  2.69355  4.24690  2.90347  2.73739  3.18146  2.89801  2.37887  2.77519  2.98518  4.58477  3.61503
          0.01795  4.42496  5.14730  0.61958  0.77255  0.48576  0.95510
     10   3.13119  5.27253  2.81832  2.74521  4.72262  3.52942  4.19510  4.39536  2.89010  3.97101  4.88194  0.70668  4.18252  3.41679  3.41430  3.14116  3.49329  3.97182  5.95850  4.57303     89 n - - -
          2.68618  4.42225  2.77519  2.73123  3.46354  2.40513  3.72494  3.29354  2.67741  2.69355  4.24690  2.90347  2.73739  3.18146  2.89801  2.37887  2.77519  2.98518  4.58477  3.61503
          0.01795  4.42496  5.14730  0.61958  0.77255  0.48576  0.95510
     11   2.74621  5.22443  2.78670  2.21504  4.56282  3.47582  3.67866  4.03619  1.91411  3.51884  4.27328  2.71991  3.88768  1.83432  2.80977  2.65632  2.76260  3.61282  5.65139  4.25439     90 q - - -
          2.68618  4.42225  2.77519  2.73123  3.46354  2.40513  3.72494  3.29354  2.67741  2.69355  4.24690  2.90347  2.73739  3.18146  2.89801  2.37887  2.77519  2.98518  4.58477  3.61503
          0.01795  4.42496  5.14730  0.61958  0.77255  0.48576  0.95510
     12   2.32313  4.37365  3.99469  3.47983  3.53679  3.71794  4.24959  2.70866  3.37443  1.16390  3.47561  3.74459  3.12411  3.66503  3.63233  3.05504  2.97738  2.46547  5.11632  3.92321     91 l - - -
          2.68618  4.42225  2.77519  2.73123  3.46354  2.40513  3.72494  3.29354  2.67741  2.69355  4.24690  2.90347  2.73739  3.18146  2.89801  2.37887  2.77519  2.98518  4.58477  3.61503
          0.01795  4.42496  5.14730  0.61958  0.77255  0.48576  0.95510
     13   2.74548  4.52994  4.85060  4.32626  3.56986  4.39397  4.90798  2.10068  4.19101  1.27662  3.41199  4.50182  4.73968  4.40922  4.34652  3.75698  3.42436  1.24715  5.42946  4.26694     92 v - - -
          2.68618  4.42225  2.77519  2.73123  3.46354  2.40513  3.72494  3.29354  2.67741  2.69355  4.24690  2.90347  2.73739  3.18146  2.89801  2.37887  2.77519  2.98518  4.58477  3.61503
          0.01795  4.42496  5.14730  0.61958  0.77255  0.48576  0.95510
     14   2.72793  4.40062  4.71935  4.16159  2.71082  4.24853  4.65068  2.14982  4.03322  2.20809  3.01268  4.32004  4.58766  4.23038  4.17505  3.58021  3.27324  0.99136  5.18985  3.99194     93 v - - -
          2.68618  4.42225  2.77519  2.73123  3.46354  2.40513  3.72494  3.29354  2.67741  2.69355  4.24690  2.90347  2.73739  3.18146  2.89801  2.37887  2.77519  2.98518  4.58477  3.61503
          0.01795  4.42496  5.14730  0.61958  0.77255  0.48576  0.95510
     15   2.05980  4.80981  3.10569  2.60112  4.07469  3.51066  3.69953  3.48479  2.59426  3.10962  3.94126  3.05697  1.93262  2.76117  2.99304  2.58601  2.94649  3.17362  5.37035  3.69390     94 p - - -
          2.68618  4.42225  2.77519  2.73123  3.46354  2.40513  3.72494  3.29354  2.67741  2.69355  4.24690  2.90347  2.73739  3.18146  2.89801  2.37887  2.77519  2.98518  4.58477  3.61503
          0.01795  4.42496  5.14730  0.61958  0.77255  0.48576  0.95510
     16   2.85914  5.07246  2.89803  2.59422  4.53412  1.28973  3.89229  3.97026  2.58885  3.53084  4.35564  2.99174  4.00741  2.45703  2.88667  2.69339  3.14475  3.58752  5.71597  4.38275     95 g - - -
          2.68618  4.42225  2.77519  2.73123  3.46354  2.40513  3.72494  3.29354  2.67741  2.69355  4.24690  2.90347  2.73739  3.18146  2.89801  2.37887  2.77519  2.98518  4.58477  3.61503
          0.01795  4.42496  5.14730  0.61958  0.77255  0.48576  0.95510
     17   0.74545  4.36178  4.11208  3.78531  4.30753  3.29534  4.65483  3.27766  3.72438  3.28849  4.25590  3.78729  4.04426  4.00801  3.95861  2.68620  3.00445  2.38553  5.79702  4.60003     96 a - - -
          2.68618  4.42225  2.77519  2.73123  3.46354  2.40513  3.72494  3.29354  2.67741  2.69355  4.24690  2.90347  2.73739  3.18146  2.89801  2.37887  2.77519  2.98518  4.58477  3.61503
          0.01795  4.42496  5.14730  0.61958  0.77255  0.48576  0.95510
     18   2.08315  5.13134  2.86979  2.27479  4.44878  3.46536  3.66418  3.91344  2.35956  3.42407  4.18342  2.79633  3.86566  2.07986  2.68130  2.37538  2.78178  3.50789  5.58134  4.19010     97 q - - -
          2.68618  4.42225  2.77519  2.73123  3.46354  2.40513  3.72494  3.29354  2.67741  2.69355  4.24690  2.90347  2.73739  3.18146  2.89801  2.37887  2.77519  2.98518  4.58477  3.61503
          0.01795  4.42496  5.14730  0.61958  0.77255  0.48576  0.95510
     19   2.43956  5.07289  2.98191  2.42063  4.38068  3.31791  3.68214  3.82880  2.39592  3.33407  4.01918  2.79473  3.88317  1.78989  2.73480  2.21843  2.93739  3.44672  5.54015  4.16953     98 q - - -
          2.68618  4.42225  2.77519  2.73123  3.46354  2.40513  3.72494  3.29354  2.67741  2.69355  4.24690  2.90347  2.73739  3.18146  2.89801  2.37887  2.77519  2.98518  4.58477  3.61503
          0.01795  4.42496  5.14730  0.61958  0.77255  0.48576  0.95510
     20   0.70593  4.50985  3.54347  3.32007  4.47103  3.27729  4.43189  3.84011  3.35973  3.56424  4.45011  3.53907  4.00909  3.31295  3.65331  2.67311  3.04925  3.37874  5.84180  4.59839     99 a - - -
          2.68618  4.42225  2.77519  2.73123  3.46354  2.40513  3.72494  3.29354  2.67741  2.69355  4.24690  2.90347  2.73739  3.18146  2.89801  2.37887  2.77519  2.98518  4.58477  3.61503
          0.01795  4.42496  5.14730  0.61958  0.77255  0.48576  0.95510
     21   3.67969  4.92263  5.47486  4.91617  3.30567  5.05416  5.38790  1.73201  4.76927  0.69663  2.97565  5.14825  5.14463  4.77481  4.81034  4.43967  3.89709  2.32212  5.50276  4.49318    100 l - - -
          2.68618  4.42225  2.77519  2.73123  3.46354  2.40513  3.72494  3.29354  2.67741  2.69355  4.24690  2.90347  2.73739  3.18146  2.89801  2.37887  2.77519  2.98518  4.58477  3.61503
          0.01795  4.42496  5.14730  0.61958  0.77255  0.48576  0.95510
     22   3.29184  6.00242  0.84955  1.84542  5.26718  3.43543  4.04858  4.83701  3.16215  4.29001  5.16818  2.53609  4.10228  3.22408  3.83095  3.13133  3.59701  4.37081  6.43826  4.85413    101 d - - -
          2.68618  4.42225  2.77519  2.73123  3.46354  2.40513  3.72494  3.29354  2.67741  2.69355  4.24690  2.90347  2.73739  3.18146  2.89801  2.37887  2.77519  2.98518  4.58477  3.61503
          0.01795  4.42496  5.14730  0.61958  0.77255  0.48576  0.95510
     23   3.20033  5.34583  3.40363  2.90829  4.71802  3.78376  3.87282  4.18409  2.24669  3.62851  4.51141  3.34752  4.21071  0.99465  2.07687  3.19516  3.40575  3.85320  5.67937  4.44657    102 q - - -
          2.68618  4.42225  2.77519  2.73123  3.46354  2.40513  3.72494  3.29354  2.67741  2.69355  4.24690  2.90347  2.73739  3.18146  2.89801  2.37887  2.77519  2.98518  4.58477  3.61503
          0.01795  4.42496  5.14730  0.61958  0.77255  0.48576  0.95510
     24   3.50902  4.81374  5.20349  4.62631  2.31676  4.75283  4.95829  2.36831  4.48363  1.39629  1.18489  4.80996  4.91761  4.50191  4.53082  4.09627  3.72142  2.61854  5.18403  4.04411    103 m - - -
          2.68618  4.42225  2.77519  2.73123  3.46354  2.40513  3.72494  3.29354  2.67741  2.69355  4.24690  2.90347  2.73739  3.18146  2.89801  2.37887  2.77519  2.98518  4.58477  3.61503
          0.01795  4.42496  5.14730  0.61958  0.77255  0.48576  0.95510
     25   3.59667  5.49833  3.80537  3.36339  5.01936  3.98028  4.21288  4.49745  0.47125  3.95439  4.91787  3.74932  4.46732  3.39553  2.71660  3.62165  3.82283  4.18590  5.86426  4.77942    104 K - - -
          2.68618  4.42225  2.77519  2.73123  3.46354  2.40513  3.72494  3.29354  2.67741  2.69355  4.24690  2.90347  2.73739  3.18146  2.89801  2.37887  2.77519  2.98518  4.58477  3.61503
          0.01795  4.42496  5.14730  0.61958  0.77255  0.48576  0.95510
     26   3.00262  4.49601  4.18722  3.29269  2.45472  4.00536  3.88311  2.92339  3.53377  2.61280  3.37604  3.78462  4.36263  3.74946  3.74585  3.29333  3.17474  2.78364  3.99542  1.10884    105 y - - -
          2.68618  4.42225  2.77519  2.73123  3.46354  2.40513  3.72494  3.29354  2.67741  2.69355  4.24690  2.90347  2.73739  3.18146  2.89801  2.37887  2.77519  2.98518  4.58477  3.61503
          0.01795  4.42496  5.14730  0.61958  0.77255  0.48576  0.95510
     27   3.20509  5.51700  2.60168  0.68672  4.92559  3.52793  4.11793  4.35255  3.03031  3.94750  4.87573  3.09924  4.15836  3.30440  3.49789  3.14999  3.30676  3.97950  6.11662  4.71532    106 E - - -
          2.68618  4.42225  2.77519  2.73123  3.46354  2.40513  3.72494  3.29354  2.67741  2.69355  4.24690  2.90347  2.73739  3.18146  2.89801  2.37887  2.77519  2.98518  4.58477  3.61503
          0.01795  4.42496  5.14730  0.61958  0.77255  0.48576  0.95510
     28   3.08134  4.54973  5.13564  4.64334  3.89009  4.66404  5.32017  0.88488  4.54548  2.43699  3.67942  4.80547  4.98620  4.80380  4.72171  4.05888  3.23890  1.36359  5.82058  4.61278    107 i - - -
          2.68618  4.42225  2.77519  2.73123  3.46354  2.40513  3.72494  3.29354  2.67741  2.69355  4.24690  2.90347  2.73739  3.18146  2.89801  2.37887  2.77519  2.98518  4.58477  3.61503
          0.01795  4.42496  5.14730  0.61958  0.77255  0.48576  0.95510
     29   0.44441  4.57377  4.13230  3.99184  4.71098  3.37690  4.93093  3.93064  4.02590  3.78182  4.77527  3.96726  4.17003  4.31653  4.20945  2.93186  3.24905  3.47808  6.07349  4.95505    108 A - - -
          2.68618  4.42225  2.77519  2.73123  3.46354  2.40513  3.72494  3.29354  2.67741  2.69355  4.24690  2.90347  2.73739  3.18146  2.89801  2.37887  2.77519  2.98518  4.58477  3.61503
          0.01795  4.42496  5.14730  0.61958  0.77255  0.48576  0.95510
     30   2.28996  4.98956  2.97906  2.51172  4.40103  3.44762  3.76945  3.84549  2.54244  3.40126  4.18939  2.59671  3.90531  2.23336  2.97423  1.68696  2.87537  3.45319  5.59245  4.23294    109 s - - -
          2.68618  4.42225  2.77519  2.73123  3.46354  2.40513  3.72494  3.29354  2.67741  2.69355  4.24690  2.90347  2.73739  3.18146  2.89801  2.37887  2.77519  2.98518  4.58477  3.61503
          0.01795  4.42496  5.14730  0.61958  0.77255  0.48576  0.95510
     31   3.28538  5.66315  2.55517  0.66604  4.97299  3.54757  4.10510  4.52143  3.01449  4.02940  4.95227  3.07759  4.17532  3.14868  3.48262  3.19801  3.58541  4.13712  6.13640  4.72085    110 E - - -
          2.68618  4.42225  2.77519  2.73123  3.46354  2.40513  3.72494  3.29354  2.67741  2.69355  4.24690  2.90347  2.73739  3.18146  2.89801  2.37887  2.77519  2.98518  4.58477  3.61503
          0.01795  4.42496  5.14730  0.61958  0.77255  0.48576  0.95510
     32   3.34290  4.66511  5.09521  4.51073  1.41693  4.56759  4.79508  2.07220  4.35706  1.28312  2.75357  4.64664  4.78403  4.21021  4.39747  3.90051  3.56005  2.55582  5.08342  3.92104    111 l - - -
          2.68618  4.42225  2.77519  2.73123  3.46354  2.40513  3.72494  3.29354  2.67741  2.69355  4.24690  2.90347  2.73739  3.18146  2.89801  2.37887  2.77519  2.98518  4.58477  3.61503
          0.01795  4.42496  5.14730  0.61958  0.77255  0.48576  0.95510
     33   3.06453  4.96001  3.48730  3.41066  4.71587  0.47839  3.89152  4.55312  3.65154  4.13183  5.04874  3.74404  4.28627  3.98751  3.94470  3.19927  3.53380  4.02715  5.95865  4.72218    112 G - - -
          2.68618  4.42225  2.77519  2.73123  3.46354  2.40513  3.72494  3.29354  2.67741  2.69355  4.24690  2.90347  2.73739  3.18146  2.89801  2.37887  2.77519  2.98518  4.58477  3.61503
          0.01795  4.42496  5.14730  0.61958  0.77255  0.48576  0.95510
     34   3.27404  4.60100  5.28990  4.78002  3.78819  4.84024  5.40675  1.50766  4.68504  1.87391  3.56520  4.95148  5.08270  4.89542  4.83170  4.23071  3.60819  0.89686  5.79317  4.61548    113 v - - -
          2.68594  4.42227  2.77521  2.73125  3.46355  2.40514  3.72496  3.29356  2.67742  2.69356  4.24691  2.90348  2.73741  3.18148  2.89802  2.37888  2.77521  2.98520  4.58478  3.61505
          0.09585  2.45826  5.14730  0.34238  1.23814  0.48576  0.95510
     35   2.67127  5.17267  2.85479  2.35160  4.50281  3.16374  3.70870  3.96821  2.45204  3.48118  4.24954  2.14700  3.62133  1.80728  2.95585  2.50717  2.86462  3.56207  5.64131  4.24658    115 q - - -
          2.68618  4.42225  2.77520  2.73123  3.46354  2.40513  3.72495  3.29354  2.67741  2.69355  4.24690  2.90339  2.73740  3.18147  2.89801  2.37887  2.77520  2.98519  4.58477  3.61503
          0.03700  3.48983  5.14730  0.51391  0.91169  0.48576  0.95510
     36   2.70156  4.33854  3.71763  3.14684  3.38094  3.71007  3.96376  2.57978  2.60379  1.41372  3.43101  3.19109  3.94726  3.35384  3.33057  2.97286  2.93240  2.58687  4.91450  3.45682    117 l - - -
          2.68618  4.42225  2.77519  2.73123  3.46354  2.40513  3.72494  3.29354  2.67741  2.69355  4.24690  2.90347  2.73739  3.18146  2.89801  2.37887  2.77519  2.98518  4.58477  3.61503
          0.01795  4.42496  5.14730  0.61958  0.77255  0.48576  0.95510
     37   2.51862  4.52699  3.40433  2.90087  3.89690  1.55720  3.96189  3.27759  2.88946  2.96507  3.82874  3.30729  3.08724  3.21217  3.28132  2.62947  2.92514  2.50652  5.28251  3.46606    118 g - - -
          2.68618  4.42225  2.77519  2.73123  3.46354  2.40513  3.72494  3.29354  2.67741  2.69355  4.24690  2.90347  2.73739  3.18146  2.89801  2.37887  2.77519  2.98518  4.58477  3.61503
          0.01795  4.42496  5.14730  0.61958  0.77255  0.48576  0.95510
     38   1.67347  4.90670  3.05571  2.57288  4.31674  3.16194  3.79480  3.74573  2.56820  3.32674  4.13031  3.07430  2.76409  2.13888  2.91619  2.72856  2.96557  3.37399  5.54010  4.20330    119 a - - -
          2.68618  4.42225  2.77519  2.73123  3.46354  2.40513  3.72494  3.29354  2.67741  2.69355  4.24690  2.90347  2.73739  3.18146  2.89801  2.37887  2.77519  2.98518  4.58477  3.61503
          0.01795  4.42496  5.14730  0.61958  0.77255  0.48576  0.95510
     39   3.11218  5.70313  1.02199  2.16011  4.99941  3.44184  3.94460  4.52119  2.92418  4.00084  4.82780  2.89718  4.04107  2.61983  3.50964  2.40455  3.39165  4.08215  6.15578  4.65203    120 d - - -
          2.68604  4.42249  2.77520  2.73121  3.46377  2.40461  3.72518  3.29378  2.67747  2.69378  4.24662  2.90303  2.73763  3.18158  2.89824  2.37910  2.77543  2.98542  4.58333  3.61399
          0.25610  1.51360  5.14730  1.42772  0.27425  0.48576  0.95510
     40   2.40083  4.30788  3.75324  3.18129  3.43287  3.70875  3.99045  2.63468  3.10433  2.25108  2.63564  3.53096  4.08831  3.39233  3.12559  2.95389  1.77309  2.47071  4.91630  3.70127    126 t - - -
          2.68618  4.42225  2.77519  2.73123  3.46354  2.40513  3.72494  3.29354  2.67741  2.69355  4.24690  2.90347  2.73739  3.18146  2.89801  2.37887  2.77519  2.98518  4.58477  3.61503
          0.01795  4.42496  5.14730  0.61958  0.77255  0.48576  0.95510
     41   2.52492  4.45831  3.63323  3.25444  4.33255  3.27957  4.30616  3.70430  3.23698  3.28008  4.25962  3.49461  3.00277  3.56690  3.56894  2.37420  0.96536  3.26748  5.69232  4.46036    127 t - - -
          2.68618  4.42225  2.77519  2.73123  3.46354  2.40513  3.72494  3.29354  2.67741  2.69355  4.24690  2.90347  2.73739  3.18146  2.89801  2.37887  2.77519  2.98518  4.58477  3.61503
          0.01795  4.42496  5.14730  0.61958  0.77255  0.48576  0.95510
     42   1.72906  4.38758  3.83705  3.46565  4.55785  3.18521  4.48313  3.95032  3.46513  3.64912  4.46389  3.58296  3.93203  3.74807  3.78234  1.11317  1.97716  3.39544  5.89791  4.69646    128 s - - -
          2.68618  4.42225  2.77519  2.73123  3.46354  2.40513  3.72494  3.29354  2.67741  2.69355  4.24690  2.90347  2.73739  3.18146  2.89801  2.37887  2.77519  2.98518  4.58477  3.61503
          0.01795  4.42496  5.14730  0.61958  0.77255  0.48576  0.95510
     43   3.04066  5.09189  3.53453  2.89574  3.93358  3.78200  3.58638  3.76670  2.19532  3.30557  4.17878  3.32628  4.14732  2.97143  1.06556  3.07977  3.23323  3.47884  5.32099  3.31055    129 r - - -
          2.68618  4.42225  2.77519  2.73123  3.46354  2.40513  3.72494  3.29354  2.67741  2.69355  4.24690  2.90347  2.73739  3.18146  2.89801  2.37887  2.77519  2.98518  4.58477  3.61503
          0.01795  4.42496  5.14730  0.61958  0.77255  0.48576  0.95510
     44   1.76001  5.09228  2.66620  1.95771  4.38529  3.47027  3.70507  3.83441  2.48645  3.34131  4.16048  2.88604  3.88974  2.62223  2.97246  2.68581  2.95997  3.03515  5.56707  4.18642    130 a - - -
          2.68618  4.42225  2.77519  2.73123  3.46354  2.40513  3.72494  3.29354  2.67741  2.69355  4.24690  2.90347  2.73739  3.18146  2.89801  2.37887  2.77519  2.98518  4.58477  3.61503
          0.01795  4.42496  5.14730  0.61958  0.77255  0.48576  0.95510
     45   2.44518  4.65446  3.33299  2.87924  4.07230  3.49323  4.00592  3.25956  2.86332  3.08248  3.75367  1.31535  4.01180  3.22194  3.25722  2.82109  3.00451  2.43412  5.45285  4.16171    131 n - - -
          2.68618  4.42225  2.77519  2.73123  3.46354  2.40513  3.72494  3.29354  2.67741  2.69355  4.24690  2.90347  2.73739  3.18146  2.89801  2.37887  2.77519  2.98518  4.58477  3.61503
          0.01795  4.42496  5.14730  0.61958  0.77255  0.48576  0.95510
     46   3.49395  5.17888  4.27571  4.25828  5.32338  0.22819  5.30661  5.09417  4.51122  4.66067  5.66524  4.44298  4.58186  4.79254  4.65247  3.68652  4.01539  4.51526  6.23693  5.45562    132 G - - -
          2.68618  4.42225  2.77519  2.73123  3.46354  2.40513  3.72494  3.29354  2.67741  2.69355  4.24690  2.90347  2.73739  3.18146  2.89801  2.37887  2.77519  2.98518  4.58477  3.61503
          0.01795  4.42496  5.14730  0.61958  0.77255  0.48576  0.95510
     47   2.76035  4.73780  3.24995  2.88373  3.91998  3.49440  3.98904  3.59344  2.75346  3.23668  4.11883  3.30398  4.03988  3.25511  3.22367  1.03103  3.08438  3.26643  5.32744  3.22747    133 s - - -
          2.68618  4.42225  2.77519  2.73123  3.46354  2.40513  3.72494  3.29354  2.67741  2.69355  4.24690  2.90347  2.73739  3.18146  2.89801  2.37887  2.77519  2.98518  4.58477  3.61503
          0.01795  4.42496  5.14730  0.61958  0.77255  0.48576  0.95510
     48   3.39482  4.62667  5.35020  4.86725  3.89708  4.91937  5.57573  1.41314  4.77993  2.27037  3.65906  5.04651  5.16660  5.02918  4.95108  4.33363  3.65521  0.78521  5.95633  4.74673    134 v - - -
          2.68618  4.42225  2.77519  2.73123  3.46354  2.40513  3.72494  3.29354  2.67741  2.69355  4.24690  2.90347  2.73739  3.18146  2.89801  2.37887  2.77519  2.98518  4.58477  3.61503
          0.01795  4.42496  5.14730  0.61958  0.77255  0.48576  0.95510
     49   3.49395  5.17888  4.27571  4.25828  5.32338  0.22819  5.30661  5.09417  4.51122  4.66067  5.66524  4.44298  4.58186  4.79254  4.65247  3.68652  4.01539  4.51526  6.23693  5.45562    135 G - - -
          2.68618  4.42225  2.77519  2.73123  3.46354  2.40513  3.72494  3.29354  2.67741  2.69355  4.24690  2.90347  2.73739  3.18146  2.89801  2.37887  2.77519  2.98518  4.58477  3.61503
          0.01795  4.42496  5.14730  0.61958  0.77255  0.48576  0.95510
     50   3.49395  5.17888  4.27571  4.25828  5.32338  0.22819  5.30661  5.09417  4.51122  4.66067  5.66524  4.44298  4.58186  4.79254  4.65247  3.68652  4.01539  4.51526  6.23693  5.45562    136 G - - -
          2.68618  4.42225  2.77519  2.73123  3.46354  2.40513  3.72494  3.29354  2.67741  2.69355  4.24690  2.90347  2.73739  3.18146  2.89801  2.37887  2.77519  2.98518  4.58477  3.61503
          0.01795  4.42496  5.14730  0.61958  0.77255  0.48576  0.95510
     51   2.68932  4.89156  3.05363  1.57908  3.20035  3.50784  3.71641  3.54755  2.51881  3.14922  3.84555  2.77913  3.90343  2.77801  2.98053  2.63328  2.86227  3.22441  5.38097  3.38102    137 e - - -
          2.68618  4.42225  2.77519  2.73123  3.46354  2.40513  3.72494  3.29354  2.67741  2.69355  4.24690  2.90347  2.73739  3.18146  2.89801  2.37887  2.77519  2.98518  4.58477  3.61503
          0.01795  4.42496  5.14730  0.61958  0.77255  0.48576  0.95510
     52   3.43130  4.71733  5.20848  4.67771  3.46953  4.77090  5.20394  0.96251  4.51738  1.87131  2.00139  4.86899  4.99549  4.67002  4.62259  4.15193  3.67285  2.07183  5.52007  4.40826    138 i - - -
          2.68618  4.42225  2.77519  2.73123  3.46354  2.40513  3.72494  3.29354  2.67741  2.69355  4.24690  2.90347  2.73739  3.18146  2.89801  2.37887  2.77519  2.98518  4.58477  3.61503
          0.01795  4.42496  5.14730  0.61958  0.77255  0.48576  0.95510
     53   2.62570  4.44621  4.06253  3.72864  4.20303  3.40753  4.62140  3.11335  3.61736  3.10130  4.16008  3.81120  4.12377  3.96185  3.85891  2.86531  0.79513  2.47834  5.74499  4.52374    139 t - - -
          2.68618  4.42225  2.77519  2.73123  3.46354  2.40513  3.72494  3.29354  2.67741  2.69355  4.24690  2.90347  2.73739  3.18146  2.89801  2.37887  2.77519  2.98518  4.58477  3.61503
          0.01795  4.42496  5.14730  0.61958  0.77255  0.48576  0.95510
     54   3.41441  5.48070  3.80515  3.13461  5.00974  3.95030  3.87171  4.35205  0.70389  3.74457  4.63747  3.50471  4.32741  3.00808  2.08429  3.40142  3.56793  4.03441  5.72573  4.60309    140 k - - -
          2.68618  4.42225  2.77519  2.73123  3.46354  2.40513  3.72494  3.29354  2.67741  2.69355  4.24690  2.90347  2.73739  3.18146  2.89801  2.37887  2.77519  2.98518  4.58477  3.61503
          0.01795  4.42496  5.14730  0.61958  0.77255  0.48576  0.95510
     55   3.48291  5.53110  4.03650  3.20902  5.10542  4.02338  3.83408  4.39265  1.47026  3.74997  4.64171  3.54554  4.35742  2.96318  0.90534  3.46233  3.60105  4.08454  5.71306  4.62688    141 r - - -
          2.68618  4.42225  2.77519  2.73123  3.46354  2.40513  3.72494  3.29354  2.67741  2.69355  4.24690  2.90347  2.73739  3.18146  2.89801  2.37887  2.77519  2.98518  4.58477  3.61503
          0.01795  4.42496  5.14730  0.61958  0.77255  0.48576  0.95510
     56   3.75049  5.02116  5.40576  4.84827  3.21020  5.02611  5.29847  2.43216  4.65289  0.67517  1.88527  5.10196  5.11428  4.67454  4.69419  4.41571  3.96142  2.67321  5.41206  4.40437    142 L - - -
          2.68618  4.42225  2.77519  2.73123  3.46354  2.40513  3.72494  3.29354  2.67741  2.69355  4.24690  2.90347  2.73739  3.18146  2.89801  2.37887  2.77519  2.98518  4.58477  3.61503
          0.01795  4.42496  5.14730  0.61958  0.77255  0.48576  0.95510
     57   3.36475  4.62931  5.26109  4.80081  3.90972  4.80798  5.52781  1.60620  4.69937  2.37762  3.68672  4.97089  5.11316  4.97231  4.87979  4.23487  3.64016  0.68749  5.95390  4.72726    143 V - - -
          2.68618  4.42225  2.77519  2.73123  3.46354  2.40513  3.72494  3.29354  2.67741  2.69355  4.24690  2.90347  2.73739  3.18146  2.89801  2.37887  2.77519  2.98518  4.58477  3.61503
          0.01795  4.42496  5.14730  0.61958  0.77255  0.48576  0.95510
     58   1.82760  5.03314  2.98188  2.35572  4.33799  3.49078  3.71613  3.77401  2.43743  3.33089  4.12303  3.00734  3.90524  2.00616  2.83822  2.51772  2.79256  3.40950  5.52686  4.16990    144 a - - -
          2.68618  4.42225  2.77519  2.73123  3.46354  2.40513  3.72494  3.29354  2.67741  2.69355  4.24690  2.90347  2.73739  3.18146  2.89801  2.37887  2.77519  2.98518  4.58477  3.61503
          0.01795  4.42496  5.14730  0.61958  0.77255  0.48576  0.95510
     59   2.78273  4.18595  4.51179  3.91274  2.62415  3.93481  4.24747  2.14638  3.74752  1.41204  2.38929  4.01546  4.28104  3.64094  3.83304  3.15284  2.94814  2.37646  4.78001  3.39298    145 l - - -
          2.68618  4.42225  2.77519  2.73123  3.46354  2.40513  3.72494  3.29354  2.67741  2.69355  4.24690  2.90347  2.73739  3.18146  2.89801  2.37887  2.77519  2.98518  4.58477  3.61503
          0.01795  4.42496  5.14730  0.61958  0.77255  0.48576  0.95510
     60   0.54659  4.43150  3.96903  3.80602  4.75941  2.79606  4.79992  4.10886  3.88785  3.88599  4.74230  3.78243  4.02341  4.14162  4.10662  2.72835  3.06165  3.51863  6.09884  4.96226    146 A - - -
          2.68618  4.42225  2.77519  2.73123  3.46354  2.40513  3.72494  3.29354  2.67741  2.69355  4.24690  2.90347  2.73739  3.18146  2.89801  2.37887  2.77519  2.98518  4.58477  3.61503
          0.01795  4.42496  5.14730  0.61958  0.77255  0.48576  0.95510
     61   3.12754  5.59426  2.55865  0.94358  4.90195  3.51254  3.93722  4.40665  2.75111  3.88782  4.73610  2.99136  4.07903  2.26540  3.20357  3.04161  3.39237  4.00423  6.01584  4.59227    147 e - - -
          2.68618  4.42225  2.77519  2.73123  3.46354  2.40513  3.72494  3.29354  2.67741  2.69355  4.24690  2.90347  2.73739  3.18146  2.89801  2.37887  2.77519  2.98518  4.58477  3.61503
          0.01795  4.42496  5.14730  0.61958  0.77255  0.48576  0.95510
     62   2.63334  5.27383  2.67170  2.27830  4.59196  3.48438  3.78303  4.05050  2.49675  3.56975  4.36353  2.93349  3.95803  1.32458  3.02319  2.60749  3.10933  3.65833  5.73535  4.34313    148 q - - -
          2.68618  4.42225  2.77519  2.73123  3.46354  2.40513  3.72494  3.29354  2.67741  2.69355  4.24690  2.90347  2.73739  3.18146  2.89801  2.37887  2.77519  2.98518  4.58477  3.61503
          0.01795  4.42496  5.14730  0.61958  0.77255  0.48576  0.95510
     63   2.62760  5.14044  2.92958  2.50355  4.47317  3.51339  3.46257  3.92100  2.46714  3.45509  4.25390  2.80402  3.95575  1.38213  2.83722  2.51490  3.05833  3.54580  5.62130  4.26612    149 q - - -
          2.68618  4.42225  2.77519  2.73123  3.46354  2.40513  3.72494  3.29354  2.67741  2.69355  4.24690  2.90347  2.73739  3.18146  2.89801  2.37887  2.77519  2.98518  4.58477  3.61503
          0.01795  4.42496  5.14730  0.61958  0.77255  0.48576  0.95510
     64   3.43337  4.75423  5.11995  4.53766  3.10247  4.67943  4.96596  2.23863  4.39353  0.76827  2.19830  4.73926  4.86754  4.45122  4.46333  3.82749  3.64997  2.52944  5.25223  4.18989    150 l - - -
          2.68618  4.42225  2.77519  2.73123  3.46354  2.40513  3.72494  3.29354  2.67741  2.69355  4.24690  2.90347  2.73739  3.18146  2.89801  2.37887  2.77519  2.98518  4.58477  3.61503
          0.01795  4.42496  5.14730  0.61958  0.77255  0.48576  0.95510
     65   2.08446  5.00899  2.95175  2.49437  4.36191  1.96238  3.71375  3.80099  2.34283  3.36366  4.15861  2.84654  3.91155  2.66592  2.99779  2.42765  2.97767  3.42740  5.56469  4.20634    151 g - - -
          2.68618  4.42225  2.77519  2.73123  3.46354  2.40513  3.72494  3.29354  2.67741  2.69355  4.24690  2.90347  2.73739  3.18146  2.89801  2.37887  2.77519  2.98518  4.58477  3.61503
          0.01795  4.42496  5.14730  0.61958  0.77255  0.48576  0.95510
     66   2.69605  4.97978  2.92055  2.58862  4.50522  1.43263  3.89667  3.94932  2.69179  3.51713  4.32627  2.91321  3.96206  2.36727  3.04901  2.39885  3.07007  3.54220  5.71219  4.36664    152 g - - -
          2.68618  4.42225  2.77519  2.73123  3.46354  2.40513  3.72494  3.29354  2.67741  2.69355  4.24690  2.90347  2.73739  3.18146  2.89801  2.37887  2.77519  2.98518  4.58477  3.61503
          0.01805  4.41969  5.14204  0.61958  0.77255  0.48576  0.95510
     67   2.60606  4.97226  3.02212  2.46550  4.07353  2.16392  3.60875  3.64699  2.36084  3.19256  3.90165  2.94346  3.83689  2.52440  2.68472  2.29631  2.80139  3.32119  5.45416  3.88309    153 g - - -
          2.68618  4.42225  2.77519  2.73123  3.46354  2.40513  3.72494  3.29354  2.67741  2.69355  4.24690  2.90347  2.73739  3.18146  2.89801  2.37887  2.77519  2.98518  4.58477  3.61503
          0.01828  4.40695  5.12930  0.61958  0.77255  0.48576  0.95510
     68   2.60793  4.74981  3.14781  2.58884  3.62956  3.36461  3.70810  3.33249  2.52636  2.95304  3.83006  2.39709  3.70725  2.56718  2.85798  2.59084  2.72889  2.33432  5.27491  3.42560    154 v - - -
          2.68618  4.42225  2.77519  2.73123  3.46354  2.40513  3.72494  3.29354  2.67741  2.69355  4.24690  2.90347  2.73739  3.18146  2.89801  2.37887  2.77519  2.98518  4.58477  3.61503
          0.01921  4.35770  5.08005  0.61958  0.77255  0.48576  0.95510
     69   2.53282  5.01429  2.90610  2.41466  3.76704  2.83021  3.62402  3.68028  1.93491  3.29426  4.07095  2.79387  3.78623  2.49840  2.73305  2.61723  2.71678  3.18576  5.48313  3.83812    155 k - - -
          2.68512  4.42280  2.77515  2.73167  3.46396  2.40506  3.72532  3.29368  2.67792  2.69348  4.24745  2.90362  2.73783  3.17976  2.89803  2.37864  2.77532  2.98537  4.58532  3.61543
          0.82783  1.01981  1.59782  2.15220  0.12356  0.48576  0.95510
     70   2.65575  4.81238  3.08046  2.49418  3.86160  3.45191  3.41766  3.17544  2.00949  3.05719  3.88650  2.95761  3.83204  2.51992  2.12585  2.68984  2.87191  3.16378  5.26221  3.96814    182 k - - -
          2.68618  4.42225  2.77519  2.73123  3.46354  2.40513  3.72494  3.29354  2.67741  2.69355  4.24690  2.90347  2.73739  3.18146  2.89801  2.37887  2.77519  2.98518  4.58477  3.61503
          0.02039  3.90296        *  0.61958  0.77255  0.00000        *
//
