HMMER3/f [3.1b1 | May 2013]
NAME  NOG.ENOG41122J9.meta_raw
LENG  95
ALPH  amino
RF    no
MM    no
CONS  yes
CS    no
MAP   yes
DATE  Sat Apr 18 07:46:01 2015
NSEQ  142
EFFN  1.365051
CKSUM 71330963
STATS LOCAL MSV       -9.4142  0.71838
STATS LOCAL VITERBI   -9.9051  0.71838
STATS LOCAL FORWARD   -4.2449  0.71838
HMM          A        C        D        E        F        G        H        I        K        L        M        N        P        Q        R        S        T        V        W        Y   
            m->m     m->i     m->d     i->m     i->i     d->m     d->d
  COMPO   2.76772  4.74795  2.95731  2.53691  3.43528  2.69207  3.66566  2.75608  2.56059  2.32171  3.55707  3.04096  3.80764  3.01018  2.89210  2.66801  2.86438  2.60310  5.26277  3.72472
          2.68640  4.42293  2.77571  2.73184  3.46172  2.40531  3.72409  3.29192  2.67719  2.69324  4.24185  2.90392  2.73776  3.18197  2.89809  2.37945  2.77566  2.98470  4.58446  3.61515
          0.60263  1.55404  1.42197  2.48983  0.08656  0.00000        *
      1   2.46610  4.21443  3.66784  3.10551  3.35179  3.59242  3.91298  2.59461  3.01338  2.12066  2.16495  3.37530  3.87704  3.31296  3.30863  2.54115  2.83102  2.42156  4.84199  3.62569     35 l - - -
          2.68617  4.42232  2.77526  2.73107  3.46361  2.40509  3.72501  3.29349  2.67748  2.69355  4.24659  2.90345  2.73746  3.18153  2.89799  2.37894  2.77502  2.98525  4.58484  3.61510
          0.11565  2.57940  3.39937  1.35063  0.29986  0.71343  0.67327
      2   2.52586  4.95255  2.70314  1.85157  4.22657  3.39715  3.62011  3.66102  2.19944  3.22430  3.00220  2.89849  3.76304  2.72021  2.86014  2.63537  2.87074  3.30367  5.42865  4.06570     43 e - - -
          2.68630  4.42237  2.77528  2.73120  3.46366  2.40502  3.72469  3.29366  2.67733  2.69353  4.24669  2.90337  2.73738  3.18158  2.89807  2.37879  2.77531  2.98528  4.58489  3.61482
          0.21093  1.80728  3.64708  1.28867  0.32246  0.69818  0.68814
      3   2.60496  4.28642  2.74311  1.92532  4.16388  3.41003  3.61087  3.59604  2.20109  3.16778  3.16716  2.91880  3.72799  2.66727  2.85505  2.57512  2.83646  3.17274  5.38007  4.02394     54 e - - -
          2.68618  4.42225  2.77519  2.73123  3.46354  2.40513  3.72494  3.29354  2.67739  2.69355  4.24690  2.90347  2.73740  3.18146  2.89801  2.37887  2.77519  2.98518  4.58477  3.61503
          0.04253  3.76372  3.99295  0.58461  0.81492  0.50549  0.92435
      4   2.54591  4.98432  2.91410  2.18927  4.27004  3.41037  3.59868  3.71322  2.09625  2.97411  3.07978  2.72311  3.76757  2.69139  2.53994  2.53269  2.83994  3.34284  5.45231  4.08518     56 k - - -
          2.68625  4.42257  2.77530  2.73106  3.46361  2.40496  3.72458  3.29375  2.67755  2.69375  4.24659  2.90346  2.73753  3.18103  2.89800  2.37906  2.77509  2.98509  4.58509  3.61462
          0.60028  1.34887  1.65125  1.69436  0.20299  0.52026  0.90230
      5   2.57030  4.78608  2.94601  2.35303  4.02271  3.26765  3.56197  3.35524  2.26356  3.04337  3.01740  2.83538  3.73993  2.64324  2.80531  2.45212  2.67406  2.98988  5.28937  3.76554     68 k - - -
          2.68616  4.42238  2.77525  2.73089  3.46361  2.40517  3.72503  3.29332  2.67746  2.69366  4.24693  2.90338  2.73753  3.18153  2.89802  2.37889  2.77523  2.98510  4.58490  3.61492
          0.62060  0.78867  4.83708  0.58214  0.81804  0.64419  0.74462
      6   2.55069  4.94777  2.91186  2.24902  4.22789  3.34857  3.58723  3.46803  2.14435  3.08987  3.68814  2.78323  3.55258  2.43360  2.81407  2.45670  2.61104  3.22788  5.42103  4.05448     72 k - - -
          2.68618  4.42225  2.77519  2.73123  3.46354  2.40513  3.72494  3.29354  2.67741  2.69355  4.24690  2.90347  2.73739  3.18146  2.89801  2.37887  2.77519  2.98518  4.58477  3.61503
          0.02291  4.18341  4.90576  0.61958  0.77255  0.39439  1.12113
      7   2.62189  5.02494  2.90055  2.33120  4.31654  2.92381  3.58563  3.47459  2.20648  3.13959  3.67580  2.79935  3.31473  2.56207  2.50850  2.55114  2.72128  3.12027  5.49088  4.11516     73 k - - -
          2.68618  4.42225  2.77519  2.73123  3.46354  2.40513  3.72494  3.29354  2.67741  2.69355  4.24690  2.90347  2.73739  3.18146  2.89801  2.37887  2.77519  2.98518  4.58477  3.61503
          0.02396  4.34940  4.53221  0.61958  0.77255  0.49616  0.93870
      8   2.58406  4.97257  2.95725  2.28235  4.24662  3.33882  3.57265  2.97008  2.13649  3.22385  3.79871  2.79280  3.06523  2.62246  2.73767  2.61233  2.70622  3.04305  5.45005  4.08721     74 k - - -
          2.68618  4.42225  2.77519  2.73123  3.46354  2.40513  3.72494  3.29354  2.67741  2.69355  4.24690  2.90347  2.73739  3.18146  2.89801  2.37887  2.77519  2.98518  4.58477  3.61503
          0.02287  4.34947  4.63569  0.61958  0.77255  0.48019  0.96408
      9   2.43015  4.98063  2.82876  2.38268  4.25606  3.08018  3.59911  3.63328  2.31188  2.82908  3.75893  2.83747  3.33479  2.57305  2.83792  2.37191  2.70871  3.08994  5.45741  3.93114     75 k - - -
          2.68618  4.42225  2.77519  2.73123  3.46354  2.40513  3.72494  3.29354  2.67741  2.69355  4.24690  2.90347  2.73739  3.18146  2.89801  2.37887  2.77519  2.98518  4.58477  3.61503
          0.01911  4.36288  5.08522  0.61958  0.77255  0.47974  0.96480
     10   2.50966  4.91378  2.97519  2.36834  4.22626  3.06200  3.65197  3.76204  1.80843  3.26400  3.86798  2.89604  3.63913  2.58367  2.60161  2.57816  2.73558  3.26164  5.03106  4.11864     76 k - - -
          2.68618  4.42225  2.77519  2.73123  3.46354  2.40513  3.72494  3.29354  2.67741  2.69355  4.24690  2.90347  2.73739  3.18146  2.89801  2.37887  2.77519  2.98518  4.58477  3.61503
          0.01899  4.36939  5.09174  0.61958  0.77255  0.48576  0.95510
     11   2.50981  5.11610  2.84223  2.19713  4.36753  3.16600  3.19524  3.80751  2.18218  3.41180  4.10820  2.74192  3.18670  2.66973  2.64562  2.33833  2.80252  3.20471  5.56221  4.16521     77 k - - -
          2.68618  4.42225  2.77519  2.73123  3.46354  2.40513  3.72494  3.29354  2.67741  2.69355  4.24690  2.90347  2.73739  3.18146  2.89801  2.37887  2.77519  2.98518  4.58477  3.61503
          0.01899  4.36939  5.09174  0.61958  0.77255  0.48576  0.95510
     12   2.92421  5.07457  2.97096  2.62523  4.09672  3.52704  1.31958  3.79758  2.52493  3.36235  4.22109  3.04198  4.03972  2.72069  2.87785  2.73395  3.16722  3.47721  5.39767  3.84721     78 h - - -
          2.68618  4.42225  2.77519  2.73123  3.46354  2.40513  3.72494  3.29354  2.67741  2.69355  4.24690  2.90347  2.73739  3.18146  2.89801  2.37887  2.77519  2.98518  4.58477  3.61503
          0.01899  4.36939  5.09174  0.61958  0.77255  0.48576  0.95510
     13   2.66109  4.91924  2.54219  2.31522  4.45813  3.39235  3.37230  3.65877  1.98016  3.32180  4.07658  2.55697  3.83391  2.59505  2.68085  2.37508  2.76236  3.46355  5.57236  4.17244     79 k - - -
          2.68618  4.42225  2.77519  2.73123  3.46354  2.40513  3.72494  3.29354  2.67741  2.69355  4.24690  2.90347  2.73739  3.18146  2.89801  2.37887  2.77519  2.98518  4.58477  3.61503
          0.01899  4.36939  5.09174  0.61958  0.77255  0.48576  0.95510
     14   3.14326  4.56317  5.12596  4.56345  3.33322  4.61291  5.00879  1.53617  4.43616  1.22393  2.92202  4.71432  4.84759  4.54582  4.51624  3.96325  3.50596  1.62667  5.36079  4.25537     80 l - - -
          2.68618  4.42225  2.77519  2.73123  3.46354  2.40513  3.72494  3.29354  2.67741  2.69355  4.24690  2.90347  2.73739  3.18146  2.89801  2.37887  2.77519  2.98518  4.58477  3.61503
          0.01899  4.36939  5.09174  0.61958  0.77255  0.48576  0.95510
     15   2.53211  4.48568  3.27868  2.77689  3.59125  3.58781  3.75336  2.49055  2.68210  2.59760  3.33769  3.15066  3.97042  3.05789  2.83582  2.36834  2.42641  2.39455  5.05171  3.79578     81 s - - -
          2.68618  4.42225  2.77519  2.73123  3.46354  2.40513  3.72494  3.29354  2.67741  2.69355  4.24690  2.90347  2.73739  3.18146  2.89801  2.37887  2.77519  2.98518  4.58477  3.61503
          0.01899  4.36939  5.09174  0.61958  0.77255  0.48576  0.95510
     16   3.53770  4.80896  5.33091  4.75085  3.18629  4.85649  5.16624  1.87778  4.61797  0.94068  1.86998  4.95175  4.98458  4.60976  4.64791  4.21443  3.75068  2.32692  5.34457  4.33682     82 l - - -
          2.68618  4.42225  2.77519  2.73123  3.46354  2.40513  3.72494  3.29354  2.67741  2.69355  4.24690  2.90347  2.73739  3.18146  2.89801  2.37887  2.77519  2.98518  4.58477  3.61503
          0.01895  4.37129  5.09364  0.61958  0.77255  0.48576  0.95510
     17   2.58084  5.08238  2.75654  1.99354  3.52700  3.44811  3.58249  3.66101  2.27415  3.27055  4.09512  2.70647  3.84080  2.47407  2.58036  2.58341  2.74832  3.25442  5.53658  4.14815     83 e - - -
          2.68618  4.42225  2.77519  2.73123  3.46354  2.40513  3.72494  3.29354  2.67741  2.69355  4.24690  2.90347  2.73739  3.18146  2.89801  2.37887  2.77519  2.98518  4.58477  3.61503
          0.01895  4.37129  5.09364  0.61958  0.77255  0.48576  0.95510
     18   2.95177  5.46666  1.95009  2.28780  4.81348  2.58756  3.85538  4.31581  2.77011  3.80954  4.61017  1.49559  3.96636  2.95593  3.32402  2.50075  3.22478  3.88009  5.96713  4.50324     84 n - - -
          2.68618  4.42225  2.77519  2.73123  3.46354  2.40513  3.72494  3.29354  2.67741  2.69355  4.24690  2.90347  2.73739  3.18146  2.89801  2.37887  2.77519  2.98518  4.58477  3.61503
          0.01895  4.37129  5.09364  0.61958  0.77255  0.48576  0.95510
     19   3.67126  5.41568  4.22108  3.66029  4.90491  4.02282  4.32241  4.50961  2.61643  3.93369  4.94394  3.96908  4.52243  3.53870  0.42828  3.74675  3.91657  4.21688  5.79594  4.75157     85 R - - -
          2.68618  4.42225  2.77519  2.73123  3.46354  2.40513  3.72494  3.29354  2.67741  2.69355  4.24690  2.90347  2.73739  3.18146  2.89801  2.37887  2.77519  2.98518  4.58477  3.61503
          0.01895  4.37129  5.09364  0.61958  0.77255  0.48576  0.95510
     20   2.74401  5.19279  2.95979  2.03316  4.53960  3.24481  3.62524  4.00042  1.75709  3.48187  4.24247  2.87254  3.88683  2.70732  2.31974  2.35387  2.95335  3.58645  5.60870  4.23359     86 k - - -
          2.68618  4.42225  2.77519  2.73123  3.46354  2.40513  3.72494  3.29354  2.67741  2.69355  4.24690  2.90347  2.73739  3.18146  2.89801  2.37887  2.77519  2.98518  4.58477  3.61503
          0.01895  4.37129  5.09364  0.61958  0.77255  0.48576  0.95510
     21   2.65288  5.03096  2.95487  2.34878  4.22643  3.45986  3.29876  3.69476  2.16023  2.78538  4.02305  2.83119  3.85149  2.47149  2.48570  2.35261  2.66040  3.36997  5.49603  3.85028     87 k - - -
          2.68618  4.42225  2.77519  2.73123  3.46354  2.40513  3.72494  3.29354  2.67741  2.69355  4.24690  2.90347  2.73739  3.18146  2.89801  2.37887  2.77519  2.98518  4.58477  3.61503
          0.01895  4.37129  5.09364  0.61958  0.77255  0.48576  0.95510
     22   2.60990  4.12659  3.97724  3.40046  3.31423  2.71258  4.05279  2.41103  3.30053  1.54428  2.96167  3.66713  4.11738  3.55060  3.53374  2.87461  2.78429  2.36759  4.82395  3.62504     88 l - - -
          2.68618  4.42225  2.77519  2.73123  3.46354  2.40513  3.72494  3.29354  2.67741  2.69355  4.24690  2.90347  2.73739  3.18146  2.89801  2.37887  2.77519  2.98518  4.58477  3.61503
          0.01895  4.37129  5.09364  0.61958  0.77255  0.48576  0.95510
     23   2.51005  4.70837  2.44172  2.25945  4.20129  3.47269  3.67158  3.08570  2.38619  3.05992  3.71374  2.80971  3.86367  2.70268  2.89390  2.49818  2.52816  2.97978  5.42571  4.07160     89 e - - -
          2.68618  4.42225  2.77519  2.73123  3.46354  2.40513  3.72494  3.29354  2.67741  2.69355  4.24690  2.90347  2.73739  3.18146  2.89801  2.37887  2.77519  2.98518  4.58477  3.61503
          0.01895  4.37129  5.09364  0.61958  0.77255  0.48576  0.95510
     24   3.30324  4.57266  5.20722  4.65631  3.22276  4.68894  5.11676  1.23590  4.53689  1.58116  3.03912  4.80163  4.91625  4.65299  4.61828  4.05026  3.53912  1.47320  5.45196  4.33382     90 i - - -
          2.68618  4.42225  2.77519  2.73123  3.46354  2.40513  3.72494  3.29354  2.67741  2.69355  4.24690  2.90347  2.73739  3.18146  2.89801  2.37887  2.77519  2.98518  4.58477  3.61503
          0.01895  4.37129  5.09364  0.61958  0.77255  0.48576  0.95510
     25   2.68774  4.96153  2.71750  2.34617  4.34628  3.42537  3.80333  3.77923  2.63752  3.36446  4.17381  2.91387  3.91269  2.95547  3.11347  1.89576  1.72208  3.40904  5.58528  4.22875     91 t - - -
          2.68618  4.42225  2.77519  2.73123  3.46354  2.40513  3.72494  3.29354  2.67741  2.69355  4.24690  2.90347  2.73739  3.18146  2.89801  2.37887  2.77519  2.98518  4.58477  3.61503
          0.01895  4.37129  5.09364  0.61958  0.77255  0.48576  0.95510
     26   2.62351  4.55171  3.57787  3.51584  4.82959  0.59133  4.71047  4.39619  3.77896  4.07472  4.92778  3.66330  4.04259  4.03730  4.03902  2.59193  3.15595  3.73507  6.11223  4.92872     92 G - - -
          2.68618  4.42225  2.77519  2.73123  3.46354  2.40513  3.72494  3.29354  2.67741  2.69355  4.24690  2.90347  2.73739  3.18146  2.89801  2.37887  2.77519  2.98518  4.58477  3.61503
          0.01895  4.37129  5.09364  0.61958  0.77255  0.48576  0.95510
     27   3.27166  4.57302  5.09857  4.63273  3.87065  4.64523  5.36184  1.67536  4.51931  2.37178  3.65849  4.80541  4.98876  4.80403  4.70904  4.06030  3.44570  0.71402  5.86144  4.63849     93 v - - -
          2.68618  4.42225  2.77519  2.73123  3.46354  2.40513  3.72494  3.29354  2.67741  2.69355  4.24690  2.90347  2.73739  3.18146  2.89801  2.37887  2.77519  2.98518  4.58477  3.61503
          0.01895  4.37129  5.09364  0.61958  0.77255  0.48576  0.95510
     28   2.66065  4.72570  2.91843  2.26538  4.27210  3.46438  3.65923  3.45955  1.97069  2.95080  4.02171  2.85862  3.85583  2.61300  2.75100  2.42489  2.56648  3.00266  5.46737  4.10140     94 k - - -
          2.68618  4.42225  2.77519  2.73123  3.46354  2.40513  3.72494  3.29354  2.67741  2.69355  4.24690  2.90347  2.73739  3.18146  2.89801  2.37887  2.77519  2.98518  4.58477  3.61503
          0.01895  4.37129  5.09364  0.61958  0.77255  0.48576  0.95510
     29   2.69257  5.23236  2.10397  1.97416  4.56874  3.36170  3.25748  4.05570  2.31385  3.53297  4.27946  2.46811  3.85687  2.49391  2.74928  2.62402  2.92291  3.61913  5.66516  4.24734     95 e - - -
          2.68618  4.42225  2.77519  2.73123  3.46354  2.40513  3.72494  3.29354  2.67741  2.69355  4.24690  2.90347  2.73739  3.18146  2.89801  2.37887  2.77519  2.98518  4.58477  3.61503
          0.01895  4.37129  5.09364  0.61958  0.77255  0.48576  0.95510
     30   3.33621  4.59753  5.21223  4.73162  3.84012  4.79119  5.44327  1.59858  4.62615  2.26599  3.62090  4.91757  5.07386  4.89113  4.80752  4.20253  3.60313  0.73457  5.87218  4.65336     96 v - - -
          2.68618  4.42225  2.77519  2.73123  3.46354  2.40513  3.72494  3.29354  2.67741  2.69355  4.24690  2.90347  2.73739  3.18146  2.89801  2.37887  2.77519  2.98518  4.58477  3.61503
          0.01895  4.37129  5.09364  0.61958  0.77255  0.48576  0.95510
     31   2.63389  4.89192  2.68913  1.94964  4.04080  3.25427  3.56933  2.73777  2.44923  2.88258  3.91789  2.93778  3.87329  2.75838  2.87180  2.65968  2.89059  2.85140  5.38804  4.04541     97 e - - -
          2.68618  4.42225  2.77519  2.73123  3.46354  2.40513  3.72494  3.29354  2.67741  2.69355  4.24690  2.90347  2.73739  3.18146  2.89801  2.37887  2.77519  2.98518  4.58477  3.61503
          0.01895  4.37129  5.09364  0.61958  0.77255  0.48576  0.95510
     32   2.61684  4.44146  3.10883  2.53858  4.21164  3.37641  3.80713  3.62643  2.54952  3.23266  4.05217  2.89996  3.91489  2.97014  2.82154  1.33645  2.94717  3.27493  5.46823  4.15388     98 s - - -
          2.68618  4.42225  2.77519  2.73123  3.46354  2.40513  3.72494  3.29354  2.67741  2.69355  4.24690  2.90347  2.73739  3.18146  2.89801  2.37887  2.77519  2.98518  4.58477  3.61503
          0.01895  4.37129  5.09364  0.61958  0.77255  0.48576  0.95510
     33   3.33067  3.73363  4.73183  4.27710  0.85597  4.30797  3.92149  2.96450  4.10836  2.39840  3.65648  4.21044  4.65482  4.18900  4.18339  3.65032  3.57300  2.87412  4.15010  2.36728     99 f - - -
          2.68618  4.42225  2.77519  2.73123  3.46354  2.40513  3.72494  3.29354  2.67741  2.69355  4.24690  2.90347  2.73739  3.18146  2.89801  2.37887  2.77519  2.98518  4.58477  3.61503
          0.01895  4.37129  5.09364  0.61958  0.77255  0.48576  0.95510
     34   3.18769  5.78372  0.85067  2.24680  5.11630  3.39820  4.00865  4.66300  3.08986  4.15093  5.01915  2.35570  4.05575  3.18439  3.72363  2.99098  3.36129  4.20820  6.30655  4.75980    100 d - - -
          2.68618  4.42225  2.77519  2.73123  3.46354  2.40513  3.72494  3.29354  2.67741  2.69355  4.24690  2.90347  2.73739  3.18146  2.89801  2.37887  2.77519  2.98518  4.58477  3.61503
          0.01895  4.37129  5.09364  0.61958  0.77255  0.48576  0.95510
     35   2.65883  5.13631  2.60928  1.81227  4.45629  3.44154  3.64933  3.92673  2.40432  3.13827  4.18705  2.64797  3.09487  2.68356  2.89576  2.33673  2.83042  3.35937  5.58503  4.18571    101 e - - -
          2.68618  4.42225  2.77519  2.73123  3.46354  2.40513  3.72494  3.29354  2.67741  2.69355  4.24690  2.90347  2.73739  3.18146  2.89801  2.37887  2.77519  2.98518  4.58477  3.61503
          0.01895  4.37129  5.09364  0.61958  0.77255  0.48576  0.95510
     36   2.62546  5.18397  2.79832  1.71006  4.51065  3.33504  3.45088  3.98653  2.26450  3.47978  4.23347  2.30292  3.85680  2.67162  2.85234  2.65397  2.68669  3.52750  5.62380  4.21864    102 e - - -
          2.68618  4.42225  2.77519  2.73123  3.46354  2.40513  3.72494  3.29354  2.67741  2.69355  4.24690  2.90347  2.73739  3.18146  2.89801  2.37887  2.77519  2.98518  4.58477  3.61503
          0.01895  4.37129  5.09364  0.61958  0.77255  0.48576  0.95510
     37   2.52172  5.06447  2.90139  1.63678  4.36420  3.41907  3.65518  3.68903  2.33919  3.23659  4.06567  2.87281  3.85382  2.56533  2.88973  2.62398  2.55035  3.38067  5.52582  4.14555    103 e - - -
          2.68618  4.42225  2.77519  2.73123  3.46354  2.40513  3.72494  3.29354  2.67741  2.69355  4.24690  2.90347  2.73739  3.18146  2.89801  2.37887  2.77519  2.98518  4.58477  3.61503
          0.01895  4.37129  5.09364  0.61958  0.77255  0.48576  0.95510
     38   2.85981  4.41319  4.91473  4.35741  2.23436  4.38000  4.78058  1.25832  4.22319  2.13802  3.35178  4.48034  4.68498  4.39106  4.32702  3.72102  3.33097  1.59983  5.24057  4.04952    104 i - - -
          2.68618  4.42225  2.77519  2.73123  3.46354  2.40513  3.72494  3.29354  2.67741  2.69355  4.24690  2.90347  2.73739  3.18146  2.89801  2.37887  2.77519  2.98518  4.58477  3.61503
          0.01895  4.37129  5.09364  0.61958  0.77255  0.48576  0.95510
     39   2.66305  4.13950  4.09336  3.48505  3.15784  3.81193  4.12773  1.97932  3.50087  1.77276  3.22045  3.73020  4.17786  3.71535  3.66509  2.87944  2.82747  1.78619  4.78242  3.59173    105 l - - -
          2.68618  4.42225  2.77519  2.73123  3.46354  2.40513  3.72494  3.29354  2.67741  2.69355  4.24690  2.90347  2.73739  3.18146  2.89801  2.37887  2.77519  2.98518  4.58477  3.61503
          0.01895  4.37129  5.09364  0.61958  0.77255  0.48576  0.95510
     40   3.27114  4.79239  5.12000  4.55190  3.26543  4.74930  5.08121  2.20456  4.40606  0.69955  2.74996  4.79466  4.92611  4.49559  4.50670  4.10187  3.70038  2.26284  5.36355  4.32668    106 l - - -
          2.68618  4.42225  2.77519  2.73123  3.46354  2.40513  3.72494  3.29354  2.67741  2.69355  4.24690  2.90347  2.73739  3.18146  2.89801  2.37887  2.77519  2.98518  4.58477  3.61503
          0.01895  4.37129  5.09364  0.61958  0.77255  0.48576  0.95510
     41   2.62572  5.09632  2.40664  1.78324  3.80173  3.44640  3.64038  3.77344  2.33907  3.28965  4.14597  2.85317  3.84150  2.49341  2.85121  2.59178  2.86907  3.36430  5.54835  3.87661    107 e - - -
          2.68618  4.42225  2.77519  2.73123  3.46354  2.40513  3.72494  3.29354  2.67741  2.69355  4.24690  2.90347  2.73739  3.18146  2.89801  2.37887  2.77519  2.98518  4.58477  3.61503
          0.01895  4.37129  5.09364  0.61958  0.77255  0.48576  0.95510
     42   2.42493  3.95605  4.04254  3.65713  4.31536  3.19449  4.52426  3.55919  3.55335  3.38815  4.26830  3.67264  3.94186  3.85543  3.80375  2.35003  0.83884  3.01179  5.73157  4.54105    108 t - - -
          2.68618  4.42225  2.77519  2.73123  3.46354  2.40513  3.72494  3.29354  2.67741  2.69355  4.24690  2.90347  2.73739  3.18146  2.89801  2.37887  2.77519  2.98518  4.58477  3.61503
          0.01895  4.37129  5.09364  0.61958  0.77255  0.48576  0.95510
     43   2.63944  5.09532  2.65920  1.78003  4.40609  3.36018  3.64457  3.54017  2.34660  3.38603  4.14637  2.74776  3.52392  2.69785  2.86142  2.41429  2.83605  2.98175  5.54920  4.15852    109 e - - -
          2.68618  4.42225  2.77519  2.73123  3.46354  2.40513  3.72494  3.29354  2.67741  2.69355  4.24690  2.90347  2.73739  3.18146  2.89801  2.37887  2.77519  2.98518  4.58477  3.61503
          0.01895  4.37129  5.09364  0.61958  0.77255  0.48576  0.95510
     44   2.50264  4.11346  3.38726  2.92549  3.53987  3.57635  3.87045  2.90205  2.76552  1.96153  2.60636  3.34150  4.00190  2.44926  3.20446  2.82570  2.83859  2.63417  4.97717  3.60649    110 l - - -
          2.68618  4.42225  2.77519  2.73123  3.46354  2.40513  3.72494  3.29354  2.67741  2.69355  4.24690  2.90347  2.73739  3.18146  2.89801  2.37887  2.77519  2.98518  4.58477  3.61503
          0.01895  4.37129  5.09364  0.61958  0.77255  0.48576  0.95510
     45   3.10975  4.96874  3.53297  3.25549  5.01118  0.42739  4.77330  4.59723  3.80528  4.22987  5.16194  3.81402  4.29927  4.10294  4.09087  3.25368  3.59296  4.06640  6.10727  5.06481    111 G - - -
          2.68618  4.42225  2.77519  2.73123  3.46354  2.40513  3.72494  3.29354  2.67741  2.69355  4.24690  2.90347  2.73739  3.18146  2.89801  2.37887  2.77519  2.98518  4.58477  3.61503
          0.01895  4.37129  5.09364  0.61958  0.77255  0.48576  0.95510
     46   2.62119  4.15112  3.68361  2.84523  2.85153  3.61507  3.23642  2.65162  2.96213  2.27817  2.52631  3.14986  3.94749  3.27688  3.29574  2.90290  2.68288  2.36537  4.87555  3.27241    112 l - - -
          2.68618  4.42225  2.77519  2.73123  3.46354  2.40513  3.72494  3.29354  2.67741  2.69355  4.24690  2.90347  2.73739  3.18146  2.89801  2.37887  2.77519  2.98518  4.58477  3.61503
          0.01895  4.37129  5.09364  0.61958  0.77255  0.48576  0.95510
     47   3.67825  4.94768  5.35203  4.78832  3.22561  4.99304  5.28769  2.20910  4.61988  0.59594  2.78544  5.05140  5.08638  4.65367  4.68384  4.37162  3.89283  2.41081  5.42639  4.41550    113 L - - -
          2.68618  4.42225  2.77519  2.73123  3.46354  2.40513  3.72494  3.29354  2.67741  2.69355  4.24690  2.90347  2.73739  3.18146  2.89801  2.37887  2.77519  2.98518  4.58477  3.61503
          0.01895  4.37129  5.09364  0.61958  0.77255  0.48576  0.95510
     48   2.42341  4.33290  3.54516  2.95939  3.46421  3.60606  3.90544  2.61033  2.96977  2.32845  2.72699  3.26984  4.02400  3.09705  3.26956  2.70508  2.10828  2.41325  4.92017  3.61089    114 t - - -
          2.68618  4.42225  2.77519  2.73123  3.46354  2.40513  3.72494  3.29354  2.67741  2.69355  4.24690  2.90347  2.73739  3.18146  2.89801  2.37887  2.77519  2.98518  4.58477  3.61503
          0.01895  4.37129  5.09364  0.61958  0.77255  0.48576  0.95510
     49   3.38497  4.62014  5.31365  4.81190  3.74471  4.88670  5.46611  0.90989  4.71605  1.96479  3.51083  4.99799  5.11076  4.92224  4.86513  4.28847  3.63717  1.40349  5.81043  4.63998    115 i - - -
          2.68618  4.42225  2.77519  2.73123  3.46354  2.40513  3.72494  3.29354  2.67741  2.69355  4.24690  2.90347  2.73739  3.18146  2.89801  2.37887  2.77519  2.98518  4.58477  3.61503
          0.01895  4.37129  5.09364  0.61958  0.77255  0.48576  0.95510
     50   2.81274  4.86004  3.14147  2.54397  4.52260  3.30155  3.39093  3.83507  1.61860  3.38168  4.22518  3.05332  3.94574  2.46974  1.90632  2.74065  2.99643  3.56858  5.56379  4.24134    116 k - - -
          2.68618  4.42225  2.77519  2.73123  3.46354  2.40513  3.72494  3.29354  2.67741  2.69355  4.24690  2.90347  2.73739  3.18146  2.89801  2.37887  2.77519  2.98518  4.58477  3.61503
          0.01895  4.37129  5.09364  0.61958  0.77255  0.48576  0.95510
     51   3.40333  5.09970  4.17551  4.14974  5.22718  0.25507  5.20849  4.97836  4.39639  4.55552  5.55550  4.34251  4.50243  4.68188  4.54951  3.59363  3.92147  4.40969  6.16095  5.35567    117 G - - -
          2.68618  4.42225  2.77519  2.73123  3.46354  2.40513  3.72494  3.29354  2.67741  2.69355  4.24690  2.90347  2.73739  3.18146  2.89801  2.37887  2.77519  2.98518  4.58477  3.61503
          0.01895  4.37129  5.09364  0.61958  0.77255  0.48576  0.95510
     52   2.57593  5.10961  2.88052  1.80818  4.15250  3.36743  3.49484  3.89263  2.28775  3.40202  4.15858  2.88641  3.84284  2.16870  2.82169  2.59286  2.73665  3.48519  5.55839  3.84881    118 e - - -
          2.68618  4.42225  2.77519  2.73123  3.46354  2.40513  3.72494  3.29354  2.67741  2.69355  4.24690  2.90347  2.73739  3.18146  2.89801  2.37887  2.77519  2.98518  4.58477  3.61503
          0.01895  4.37129  5.09364  0.61958  0.77255  0.48576  0.95510
     53   2.79980  5.33514  2.10185  1.85215  4.66121  2.77987  3.17631  4.15611  2.42820  3.63209  4.39131  2.24177  3.89246  2.70281  3.04276  2.66431  3.04326  3.71753  5.76804  4.33156    119 e - - -
          2.68618  4.42225  2.77519  2.73123  3.46354  2.40513  3.72494  3.29354  2.67741  2.69355  4.24690  2.90347  2.73739  3.18146  2.89801  2.37887  2.77519  2.98518  4.58477  3.61503
          0.01895  4.37129  5.09364  0.61958  0.77255  0.48576  0.95510
     54   3.72000  4.99799  5.32764  4.77900  3.12680  4.99346  5.23599  2.35881  4.58357  0.55525  2.75021  5.04063  5.09067  4.63334  4.64862  4.38092  3.93535  2.59128  5.36768  4.29519    120 L - - -
          2.68618  4.42225  2.77519  2.73123  3.46354  2.40513  3.72494  3.29354  2.67741  2.69355  4.24690  2.90347  2.73739  3.18146  2.89801  2.37887  2.77519  2.98518  4.58477  3.61503
          0.01895  4.37129  5.09364  0.61958  0.77255  0.48576  0.95510
     55   2.77958  5.17057  2.82574  2.40431  4.48544  3.33887  1.77085  3.93461  2.22968  3.44733  4.22983  2.86230  3.91234  2.41389  2.74581  2.75378  3.00798  3.54826  5.60108  4.14254    121 h - - -
          2.68618  4.42225  2.77519  2.73123  3.46354  2.40513  3.72494  3.29354  2.67741  2.69355  4.24690  2.90347  2.73739  3.18146  2.89801  2.37887  2.77519  2.98518  4.58477  3.61503
          0.01895  4.37129  5.09364  0.61958  0.77255  0.48576  0.95510
     56   3.28161  4.55237  5.16915  4.62971  3.57928  4.68410  5.15272  1.23649  4.51400  2.04189  2.28238  4.78783  4.92948  4.67644  4.62662  4.05023  3.52384  1.33764  5.53488  4.39278    122 i - - -
          2.68618  4.42225  2.77519  2.73123  3.46354  2.40513  3.72494  3.29354  2.67741  2.69355  4.24690  2.90347  2.73739  3.18146  2.89801  2.37887  2.77519  2.98518  4.58477  3.61503
          0.01895  4.37129  5.09364  0.61958  0.77255  0.48576  0.95510
     57   2.66853  5.07864  2.91887  2.34880  4.38672  3.33363  3.56909  3.77154  1.92557  3.36673  3.97621  2.32976  3.84759  2.67365  2.82818  2.44662  2.44080  3.31285  5.53329  4.14947    123 k - - -
          2.68618  4.42225  2.77519  2.73123  3.46354  2.40513  3.72494  3.29354  2.67741  2.69355  4.24690  2.90347  2.73739  3.18146  2.89801  2.37887  2.77519  2.98518  4.58477  3.61503
          0.01895  4.37129  5.09364  0.61958  0.77255  0.48576  0.95510
     58   2.74084  5.19355  2.99216  2.29439  4.54671  3.45136  3.15564  4.00714  1.80661  3.43738  4.24019  2.34381  3.88584  2.52450  2.33201  2.66607  2.88178  3.59034  5.60271  4.23102    124 k - - -
          2.68618  4.42225  2.77519  2.73123  3.46354  2.40513  3.72494  3.29354  2.67741  2.69355  4.24690  2.90347  2.73739  3.18146  2.89801  2.37887  2.77519  2.98518  4.58477  3.61503
          0.01895  4.37129  5.09364  0.61958  0.77255  0.48576  0.95510
     59   3.71837  4.98440  5.36394  4.80665  3.12575  5.02147  5.26636  2.25594  4.63393  0.56508  2.83581  5.06947  5.10321  4.65825  4.69291  4.40390  3.93051  2.54774  5.38515  4.32938    125 L - - -
          2.68618  4.42225  2.77519  2.73123  3.46354  2.40513  3.72494  3.29354  2.67741  2.69355  4.24690  2.90347  2.73739  3.18146  2.89801  2.37887  2.77519  2.98518  4.58477  3.61503
          0.01895  4.37129  5.09364  0.61958  0.77255  0.48576  0.95510
     60   2.71708  5.10407  2.22516  2.40452  4.46145  3.42893  3.71865  3.92302  2.50940  3.36747  4.15649  2.22583  3.87804  2.84123  3.00188  1.92640  2.52667  3.51901  5.62653  4.23452    126 s - - -
          2.68618  4.42225  2.77519  2.73123  3.46354  2.40513  3.72494  3.29354  2.67741  2.69355  4.24690  2.90347  2.73739  3.18146  2.89801  2.37887  2.77519  2.98518  4.58477  3.61503
          0.01895  4.37129  5.09364  0.61958  0.77255  0.48576  0.95510
     61   3.30305  4.59413  5.10108  4.55327  3.49383  4.65951  5.09111  1.88544  4.42977  1.19308  3.22918  4.73954  4.89963  4.58427  4.55009  4.01840  3.41131  1.27686  5.47302  4.35250    127 l - - -
          2.68618  4.42225  2.77519  2.73123  3.46354  2.40513  3.72494  3.29354  2.67741  2.69355  4.24690  2.90347  2.73739  3.18146  2.89801  2.37887  2.77519  2.98518  4.58477  3.61503
          0.01895  4.37129  5.09364  0.61958  0.77255  0.48576  0.95510
     62   3.05084  5.66353  1.71081  1.21136  4.95857  3.36614  3.88346  4.48140  2.78953  3.94797  4.75957  2.86375  3.99568  2.54423  3.40462  2.94112  3.27393  4.03490  6.09195  4.59221    128 e - - -
          2.68618  4.42225  2.77519  2.73123  3.46354  2.40513  3.72494  3.29354  2.67741  2.69355  4.24690  2.90347  2.73739  3.18146  2.89801  2.37887  2.77519  2.98518  4.58477  3.61503
          0.01895  4.37129  5.09364  0.61958  0.77255  0.48576  0.95510
     63   2.60834  5.04226  2.70321  2.10785  4.49224  3.30579  3.59111  3.96959  1.78525  3.43879  4.20540  2.68615  3.84104  2.60498  2.85239  2.49778  2.64320  3.54394  5.59849  4.19444    129 k - - -
          2.68618  4.42225  2.77519  2.73123  3.46354  2.40513  3.72494  3.29354  2.67741  2.69355  4.24690  2.90347  2.73739  3.18146  2.89801  2.37887  2.77519  2.98518  4.58477  3.61503
          0.01895  4.37129  5.09364  0.61958  0.77255  0.48576  0.95510
     64   2.64216  4.65671  3.07498  2.96716  4.69378  0.83543  4.31014  4.17716  3.17138  3.81154  4.65175  3.17530  3.97985  3.42379  3.58740  2.67373  3.02594  3.62856  5.98489  4.69642    130 g - - -
          2.68618  4.42225  2.77519  2.73123  3.46354  2.40513  3.72494  3.29354  2.67741  2.69355  4.24690  2.90347  2.73739  3.18146  2.89801  2.37887  2.77519  2.98518  4.58477  3.61503
          0.01895  4.37129  5.09364  0.61958  0.77255  0.48576  0.95510
     65   2.66735  5.05147  2.76419  1.74237  4.34758  3.45568  3.60636  3.60866  2.38668  2.77702  4.10603  2.79135  3.85062  2.55338  2.79066  2.59905  2.87700  3.11971  5.51373  4.13479    131 e - - -
          2.68618  4.42225  2.77519  2.73123  3.46354  2.40513  3.72494  3.29354  2.67741  2.69355  4.24690  2.90347  2.73739  3.18146  2.89801  2.37887  2.77519  2.98518  4.58477  3.61503
          0.01895  4.37129  5.09364  0.61958  0.77255  0.48576  0.95510
     66   2.76858  4.42762  4.83515  4.28055  3.39985  4.39013  4.81378  1.87910  4.16339  1.63744  3.40587  4.45317  4.69684  4.36410  4.31037  3.72750  3.23964  1.12975  5.33503  4.16000    132 v - - -
          2.68618  4.42225  2.77519  2.73123  3.46354  2.40513  3.72494  3.29354  2.67741  2.69355  4.24690  2.90347  2.73739  3.18146  2.89801  2.37887  2.77519  2.98518  4.58477  3.61503
          0.01895  4.37129  5.09364  0.61958  0.77255  0.48576  0.95510
     67   2.50247  5.06635  2.53791  2.09844  4.21218  3.36367  3.64277  3.48057  2.33582  3.28108  3.95942  2.76790  3.84311  2.65255  2.84556  2.20056  2.71457  3.20232  5.52455  4.13987    133 e - - -
          2.68618  4.42225  2.77519  2.73123  3.46354  2.40513  3.72494  3.29354  2.67741  2.69355  4.24690  2.90347  2.73739  3.18146  2.89801  2.37887  2.77519  2.98518  4.58477  3.61503
          0.01895  4.37129  5.09364  0.61958  0.77255  0.48576  0.95510
     68   3.20549  4.57425  5.22266  4.69460  3.64893  4.76241  5.26676  1.07923  4.59054  1.71397  3.32295  4.86474  4.99770  4.76699  4.71740  4.13884  3.56333  1.43662  5.64019  4.49143    134 i - - -
          2.68618  4.42225  2.77519  2.73123  3.46354  2.40513  3.72494  3.29354  2.67741  2.69355  4.24690  2.90347  2.73739  3.18146  2.89801  2.37887  2.77519  2.98518  4.58477  3.61503
          0.01895  4.37129  5.09364  0.61958  0.77255  0.48576  0.95510
     69   2.59955  5.16860  2.47328  1.61177  4.48941  3.38615  3.66479  3.69899  2.24975  3.46430  4.22192  2.89926  3.85754  2.75962  2.92182  2.43694  2.80491  3.51936  5.61622  4.21235    135 e - - -
          2.68618  4.42225  2.77519  2.73123  3.46354  2.40513  3.72494  3.29354  2.67741  2.69355  4.24690  2.90347  2.73739  3.18146  2.89801  2.37887  2.77519  2.98518  4.58477  3.61503
          0.01895  4.37129  5.09364  0.61958  0.77255  0.48576  0.95510
     70   3.40333  5.09970  4.17551  4.14974  5.22718  0.25507  5.20849  4.97836  4.39639  4.55552  5.55550  4.34251  4.50243  4.68188  4.54951  3.59363  3.92147  4.40969  6.16095  5.35567    136 G - - -
          2.68618  4.42225  2.77520  2.73123  3.46354  2.40513  3.72495  3.29354  2.67741  2.69355  4.24690  2.90347  2.73740  3.18146  2.89801  2.37887  2.77520  2.98515  4.58477  3.61503
          0.02757  3.86028  5.09364  0.56901  0.83491  0.48576  0.95510
     71   2.65884  4.92823  2.85244  2.33992  3.76346  3.47543  3.56467  3.61529  2.17662  2.55100  3.80676  2.80757  3.86613  2.75988  2.53257  2.56305  2.68941  3.16648  5.41652  3.50497    138 k - - -
          2.68618  4.42225  2.77519  2.73123  3.46354  2.40513  3.72494  3.29354  2.67741  2.69355  4.24690  2.90347  2.73739  3.18146  2.89801  2.37887  2.77519  2.98518  4.58477  3.61503
          0.01895  4.37129  5.09364  0.61958  0.77255  0.48576  0.95510
     72   3.30573  4.55731  5.22631  4.70927  3.39014  4.76808  5.29948  1.07487  4.61498  2.19550  3.45432  4.87439  5.01532  4.81287  4.75505  4.15026  3.51352  1.18379  5.69130  4.50535    139 i - - -
          2.68618  4.42225  2.77519  2.73123  3.46354  2.40513  3.72494  3.29354  2.67741  2.69355  4.24690  2.90347  2.73739  3.18146  2.89801  2.37887  2.77519  2.98518  4.58477  3.61503
          0.01895  4.37129  5.09364  0.61958  0.77255  0.48576  0.95510
     73   2.60569  4.92061  2.34615  2.37810  3.52595  3.47633  3.49316  3.48277  2.36838  3.09643  3.92800  2.63531  3.86706  2.81342  2.93178  2.53542  2.55158  3.18516  5.17143  3.21292    140 d - - -
          2.68618  4.42225  2.77519  2.73123  3.46354  2.40513  3.72494  3.29354  2.67741  2.69355  4.24690  2.90347  2.73739  3.18146  2.89801  2.37887  2.77519  2.98518  4.58477  3.61503
          0.01895  4.37129  5.09364  0.61958  0.77255  0.48576  0.95510
     74   2.43382  4.95716  2.74148  2.32285  4.22771  3.26369  3.67791  3.58806  2.45898  3.18147  3.91146  2.90525  3.86626  2.81043  2.93352  1.73533  2.81642  3.30870  5.44701  3.73454    141 s - - -
          2.68618  4.42225  2.77519  2.73123  3.46354  2.40513  3.72494  3.29354  2.67741  2.69355  4.24690  2.90347  2.73739  3.18146  2.89801  2.37887  2.77519  2.98518  4.58477  3.61503
          0.01895  4.37129  5.09364  0.61958  0.77255  0.48576  0.95510
     75   2.99433  3.64516  4.85724  4.26456  3.03407  4.25113  4.58656  2.02588  4.10225  1.18777  2.27106  4.36194  4.54410  4.21206  4.15628  3.57374  3.25833  2.07650  5.01181  3.88646    142 l - - -
          2.68618  4.42225  2.77519  2.73123  3.46354  2.40513  3.72494  3.29354  2.67741  2.69355  4.24690  2.90347  2.73739  3.18146  2.89801  2.37887  2.77519  2.98518  4.58477  3.61503
          0.01895  4.37129  5.09364  0.61958  0.77255  0.48576  0.95510
     76   2.47063  4.42534  3.10191  2.44579  3.82746  3.48244  3.69459  2.89500  2.63636  2.78340  3.72901  3.03466  3.92747  2.67441  3.06651  2.45075  2.62700  2.17154  5.18393  3.89661    143 v - - -
          2.68618  4.42225  2.77519  2.73123  3.46354  2.40513  3.72494  3.29354  2.67741  2.69355  4.24690  2.90347  2.73739  3.18146  2.89801  2.37887  2.77519  2.98518  4.58477  3.61503
          0.01895  4.37129  5.09364  0.61958  0.77255  0.48576  0.95510
     77   4.03161  5.26465  4.79152  4.57763  2.13561  4.61794  3.73780  3.78613  4.40284  3.07951  4.39720  4.33765  4.98461  4.42770  4.43858  4.07752  4.28381  3.71178  3.87427  0.52117    144 Y - - -
          2.68618  4.42225  2.77519  2.73123  3.46354  2.40513  3.72494  3.29354  2.67741  2.69355  4.24690  2.90347  2.73739  3.18146  2.89801  2.37887  2.77519  2.98518  4.58477  3.61503
          0.01895  4.37129  5.09364  0.61958  0.77255  0.48576  0.95510
     78   2.51074  4.83064  2.87933  2.43516  4.06118  3.33682  3.54756  3.38732  2.48558  2.49613  3.80805  2.96788  3.82006  2.83541  2.86045  2.00643  2.72533  3.01845  5.33882  3.86976    145 s - - -
          2.68618  4.42225  2.77519  2.73123  3.46354  2.40513  3.72494  3.29354  2.67741  2.69355  4.24690  2.90347  2.73739  3.18146  2.89801  2.37887  2.77519  2.98518  4.58477  3.61503
          0.01895  4.37129  5.09364  0.61958  0.77255  0.48576  0.95510
     79   2.74374  5.36913  1.68951  1.73585  4.68766  3.24318  3.74888  4.18211  2.55584  3.66403  4.43328  2.78359  3.91071  2.65805  3.02324  2.59858  2.92351  3.74857  5.80680  4.36548    146 d - - -
          2.68618  4.42225  2.77519  2.73123  3.46354  2.40513  3.72494  3.29354  2.67741  2.69355  4.24690  2.90347  2.73739  3.18146  2.89801  2.37887  2.77519  2.98518  4.58477  3.61503
          0.01895  4.37129  5.09364  0.61958  0.77255  0.48576  0.95510
     80   2.57299  5.13382  2.48720  2.12326  4.46255  3.17151  3.53574  3.58834  2.26357  3.40217  4.17899  2.54920  3.21183  2.66193  2.73834  2.51017  2.82952  3.22411  5.57625  4.17504    147 e - - -
          2.68618  4.42225  2.77519  2.73123  3.46354  2.40513  3.72494  3.29354  2.67741  2.69355  4.24690  2.90347  2.73739  3.18146  2.89801  2.37887  2.77519  2.98518  4.58477  3.61503
          0.02455  4.37129  4.45534  0.61958  0.77255  0.48576  0.95510
     81   2.61919  5.12447  2.82025  2.16869  4.45034  2.54565  3.29436  3.81247  2.18558  3.35187  4.17051  2.74116  3.78265  2.57592  2.65775  2.50245  2.74924  3.30949  5.56838  4.16984    148 e - - -
          2.68618  4.42225  2.77519  2.73123  3.46354  2.40513  3.72494  3.29354  2.67741  2.69355  4.24690  2.90347  2.73739  3.18146  2.89801  2.37887  2.77519  2.98518  4.58477  3.61503
          0.02706  4.36580  4.26923  0.61958  0.77255  0.49397  0.94212
     82   2.33840  5.05451  2.89165  2.32725  4.35527  3.10895  3.42139  3.81104  2.34370  3.34063  4.04865  2.80210  3.37176  2.41819  2.80876  2.32039  2.66440  3.39688  5.51462  3.40457    149 s - - -
          2.68615  4.42235  2.77527  2.73132  3.46360  2.40508  3.72486  3.29357  2.67742  2.69357  4.24606  2.90351  2.73732  3.18145  2.89798  2.37890  2.77524  2.98525  4.58487  3.61489
          0.74742  0.92043  2.05522  0.28199  1.40358  0.50551  0.92432
     83   2.33113  5.03765  2.87004  2.20320  4.34411  2.74299  3.49729  3.70020  2.05989  3.32455  4.04548  2.89300  3.77688  2.63162  2.63012  2.55860  2.78491  3.38523  5.49277  4.11087    155 k - - -
          2.68618  4.42225  2.77519  2.73123  3.46354  2.40513  3.72494  3.29354  2.67741  2.69355  4.24690  2.90347  2.73739  3.18146  2.89801  2.37887  2.77519  2.98518  4.58477  3.61503
          0.04879  4.22801  3.41017  0.61958  0.77255  0.61117  0.78245
     84   2.55960  5.09967  2.71209  2.26386  4.42069  2.70305  3.61695  3.88533  1.81697  3.39156  4.15281  2.81442  3.82015  2.66104  2.66764  2.57352  2.84556  3.41854  5.54455  4.15416    156 k - - -
          2.68618  4.42225  2.77519  2.73123  3.46354  2.40513  3.72494  3.29354  2.67741  2.69355  4.24690  2.90347  2.73739  3.18146  2.89801  2.37887  2.77519  2.98518  4.58477  3.61503
          0.10891  4.23001  2.42318  0.61958  0.77255  0.42132  1.06763
     85   2.59058  5.10337  2.79657  2.15500  4.19265  3.26248  3.60774  3.90186  1.99396  3.39977  4.14950  2.63844  3.81279  2.54065  2.55238  2.34980  2.84434  3.48420  5.16684  4.14852    157 k - - -
          2.68618  4.42225  2.77519  2.73123  3.46354  2.40513  3.72494  3.29354  2.67741  2.69355  4.24690  2.90347  2.73739  3.18146  2.89801  2.37887  2.77519  2.98518  4.58477  3.61503
          0.02082  4.27820  5.00054  0.61958  0.77255  0.41461  1.08056
     86   2.36671  5.09996  2.88363  2.34937  4.41695  2.40915  3.65160  3.87885  2.06081  3.39504  4.15722  2.72479  3.67800  2.73570  2.69537  2.38385  2.84715  3.47735  5.55696  4.16878    158 k - - -
          2.68618  4.42225  2.77519  2.73123  3.46354  2.40513  3.72494  3.29354  2.67741  2.69355  4.24690  2.90347  2.73739  3.18146  2.89801  2.37887  2.77519  2.98518  4.58477  3.61503
          0.01895  4.37129  5.09364  0.61958  0.77255  0.48576  0.95510
     87   2.67369  5.13379  2.77577  2.12191  4.45884  2.54882  3.64333  3.92625  1.78995  3.33913  4.02344  2.92932  3.85021  2.70467  2.70930  2.60805  2.91461  3.44454  5.57542  4.18332    159 k - - -
          2.68618  4.42225  2.77519  2.73123  3.46354  2.40513  3.72494  3.29354  2.67741  2.69355  4.24690  2.90347  2.73739  3.18146  2.89801  2.37887  2.77519  2.98518  4.58477  3.61503
          0.01895  4.37129  5.09364  0.61958  0.77255  0.48576  0.95510
     88   2.59948  4.77173  3.01312  2.69735  4.51024  1.60298  3.99490  3.95813  2.78930  3.54778  4.35300  2.64863  3.78203  3.16628  3.22983  1.72832  3.00377  3.49906  5.75263  4.42720    160 g - - -
          2.68618  4.42225  2.77519  2.73123  3.46354  2.40513  3.72494  3.29354  2.67741  2.69355  4.24690  2.90347  2.73739  3.18146  2.89801  2.37887  2.77519  2.98518  4.58477  3.61503
          0.01895  4.37129  5.09364  0.61958  0.77255  0.48576  0.95510
     89   3.04439  4.40708  4.80037  4.20718  2.08384  4.23487  4.51999  2.12355  3.89809  1.15531  3.02332  4.32050  4.52372  4.15275  4.10900  3.55224  3.26921  2.21757  4.70931  3.77698    161 l - - -
          2.68618  4.42225  2.77519  2.73123  3.46354  2.40513  3.72494  3.29354  2.67741  2.69355  4.24690  2.90347  2.73739  3.18146  2.89801  2.37887  2.77519  2.98518  4.58477  3.61503
          0.01895  4.37129  5.09364  0.61958  0.77255  0.48576  0.95510
     90   3.19466  4.53060  4.98363  4.39359  1.81348  4.39439  4.61186  2.15277  4.22755  1.12117  2.74593  4.48747  4.64497  4.27985  4.25635  3.72030  3.41395  2.54906  4.21609  3.73340    162 l - - -
          2.68618  4.42225  2.77519  2.73123  3.46354  2.40513  3.72494  3.29354  2.67741  2.69355  4.24690  2.90347  2.73739  3.18146  2.89801  2.37887  2.77519  2.98518  4.58477  3.61503
          0.01895  4.37129  5.09364  0.61958  0.77255  0.48576  0.95510
     91   2.44176  5.09391  2.89565  2.32926  4.40564  2.51348  3.48199  3.86600  2.26517  3.38495  4.14844  2.72165  3.85070  2.74426  2.57830  2.13448  2.81879  3.46755  5.54936  4.16257    163 s - - -
          2.68618  4.42225  2.77519  2.73123  3.46354  2.40513  3.72494  3.29354  2.67741  2.69355  4.24690  2.90347  2.73739  3.18146  2.89801  2.37887  2.77519  2.98518  4.58477  3.61503
          0.01895  4.37129  5.09364  0.61958  0.77255  0.48576  0.95510
     92   3.37607  5.47695  3.88193  3.09183  5.03168  3.94672  3.77820  4.32872  1.25701  3.69515  4.57075  3.36184  4.28255  2.90392  1.15970  3.35171  3.50445  4.00870  5.67179  4.56013    164 r - - -
          2.68618  4.42225  2.77519  2.73123  3.46354  2.40513  3.72494  3.29354  2.67741  2.69355  4.24690  2.90347  2.73739  3.18146  2.89801  2.37887  2.77519  2.98518  4.58477  3.61503
          0.01895  4.37129  5.09364  0.61958  0.77255  0.48576  0.95510
     93   3.62639  4.88256  5.40380  4.82800  3.22138  4.96544  5.26799  1.87091  4.69029  0.75246  2.34147  5.05459  5.05772  4.66991  4.71894  4.33435  3.83680  2.42710  5.39713  4.40728    165 l - - -
          2.68618  4.42225  2.77519  2.73123  3.46354  2.40513  3.72494  3.29354  2.67741  2.69355  4.24690  2.90347  2.73739  3.18146  2.89801  2.37887  2.77519  2.98518  4.58477  3.61503
          0.01895  4.37129  5.09364  0.61958  0.77255  0.48576  0.95510
     94   3.71524  4.99066  5.07022  4.67490  0.86742  4.70636  4.25635  2.77806  4.50079  1.61234  3.40678  4.61309  4.96609  4.51058  4.53192  4.11182  3.94957  2.88889  4.40236  2.78067    166 f - - -
          2.68618  4.42225  2.77519  2.73123  3.46354  2.40513  3.72494  3.29354  2.67741  2.69355  4.24690  2.90347  2.73739  3.18146  2.89801  2.37887  2.77519  2.98518  4.58477  3.61503
          0.01895  4.37129  5.09364  0.61958  0.77255  0.48576  0.95510
     95   2.96241  5.27795  3.29132  2.67232  4.68265  3.25960  2.99521  4.08158  1.38790  3.53257  4.33797  3.15251  4.03820  2.75127  1.81582  2.81670  3.15670  3.70937  5.61102  4.34239    167 k - - -
          2.68618  4.42225  2.77520  2.73123  3.46354  2.40511  3.72494  3.29354  2.67741  2.69355  4.24690  2.90347  2.73740  3.18146  2.89801  2.37887  2.77520  2.98518  4.58477  3.61503
          0.02050  3.89772        *  0.57483  0.82736  0.00000        *
//
