HMMER3/f [3.1b1 | May 2013]
NAME  NOG.ENOG410XV6S.meta_raw
LENG  172
ALPH  amino
RF    no
MM    no
CONS  yes
CS    no
MAP   yes
DATE  Sat Apr 18 10:18:56 2015
NSEQ  86
EFFN  5.713562
CKSUM 3103601292
STATS LOCAL MSV      -10.6539  0.70734
STATS LOCAL VITERBI  -10.9321  0.70734
STATS LOCAL FORWARD   -4.4565  0.70734
HMM          A        C        D        E        F        G        H        I        K        L        M        N        P        Q        R        S        T        V        W        Y   
            m->m     m->i     m->d     i->m     i->i     d->m     d->d
  COMPO   2.64264  4.30588  3.43217  3.06461  2.79978  2.84710  3.95600  2.49595  2.76512  2.14717  3.46082  3.34695  3.69202  3.32752  2.91258  2.84211  2.89728  2.49205  4.09200  3.18166
          2.68653  4.42260  2.77555  2.73158  3.46377  2.40548  3.72530  3.29284  2.67767  2.69328  4.23422  2.90304  2.73767  3.18182  2.89836  2.37908  2.77555  2.98532  4.58468  3.61538
          0.23560  1.65052  4.01979  0.73077  0.65689  0.00000        *
      1   3.03375  4.53686  4.40508  3.56690  3.64346  3.89126  4.41642  2.47042  3.71564  2.35255  1.14536  3.17895  4.18597  3.63263  3.92551  3.05001  2.85484  2.65535  5.14525  3.32772      7 m - - -
          2.68596  4.42072  2.77592  2.73128  3.46145  2.40553  3.72618  3.29397  2.67765  2.69393  4.23686  2.90387  2.73667  3.18269  2.89864  2.37783  2.77615  2.98515  4.58600  3.61626
          0.27791  1.42669  5.97803  1.64898  0.21350  0.53137  0.88625
      2   2.83546  5.43902  3.29645  2.54874  4.22525  2.65284  3.88703  3.32668  2.77370  3.44134  4.49563  2.49180  3.22278  3.19618  3.14379  1.99307  1.83077  2.91718  5.90857  4.22268     32 t - - -
          2.68618  4.42225  2.77519  2.73123  3.46354  2.40513  3.72494  3.29354  2.67741  2.69355  4.24690  2.90347  2.73739  3.18146  2.89801  2.37887  2.77519  2.98518  4.58477  3.61503
          0.00653  5.43055  6.15290  0.61958  0.77255  0.53137  0.88625
      3   2.78973  4.53619  5.08464  3.52269  3.27432  4.32331  4.65556  1.26624  4.26536  1.53322  3.46667  4.47382  3.71745  4.40336  4.28650  3.63329  3.10925  2.06470  4.57671  3.98275     33 i - - -
          2.68618  4.42225  2.77519  2.73123  3.46354  2.40513  3.72494  3.29354  2.67741  2.69355  4.24690  2.90347  2.73739  3.18146  2.89801  2.37887  2.77519  2.98518  4.58477  3.61503
          0.00647  5.43932  6.16166  0.61958  0.77255  0.53137  0.88625
      4   2.36559  5.57324  2.99844  2.36273  3.97493  3.11215  3.45946  3.64307  2.62238  3.50161  4.61603  2.74268  4.25206  2.70050  2.42267  2.09726  2.35179  3.18475  6.01080  3.56192     34 s - - -
          2.68618  4.42225  2.77519  2.73123  3.46354  2.40513  3.72494  3.29354  2.67741  2.69355  4.24690  2.90347  2.73739  3.18146  2.89801  2.37887  2.77519  2.98518  4.58477  3.61503
          0.00647  5.43932  6.16166  0.61958  0.77255  0.53137  0.88625
      5   2.93652  5.55466  3.04247  1.95064  4.88378  2.83297  4.05130  3.46302  2.47254  3.30507  4.27290  3.09322  3.71059  2.41743  3.17516  2.58627  2.20950  2.79892  5.99700  2.92144     35 e - - -
          2.68618  4.42225  2.77519  2.73123  3.46354  2.40513  3.72494  3.29354  2.67741  2.69355  4.24690  2.90347  2.73739  3.18146  2.89801  2.37887  2.77519  2.98518  4.58477  3.61503
          0.00647  5.43932  6.16166  0.61958  0.77255  0.53137  0.88625
      6   3.33054  5.86550  2.95639  1.31031  5.19550  3.96291  4.24966  4.69012  3.04580  3.37209  4.92163  3.12238  3.49371  1.17224  3.55730  3.27138  3.57313  4.25039  6.29660  4.86251     36 q - - -
          2.68618  4.42225  2.77519  2.73123  3.46354  2.40513  3.72494  3.29354  2.67741  2.69355  4.24690  2.90347  2.73739  3.18146  2.89801  2.37887  2.77519  2.98518  4.58477  3.61503
          0.00647  5.43932  6.16166  0.61958  0.77255  0.53137  0.88625
      7   2.47108  4.52609  5.10889  4.49392  1.95358  2.94544  4.65260  2.33237  4.27996  1.53670  3.02255  4.47999  4.68300  4.41213  4.28999  3.28685  3.08296  2.21414  2.97191  3.97179     37 l - - -
          2.68618  4.42225  2.77519  2.73123  3.46354  2.40513  3.72494  3.29354  2.67741  2.69355  4.24690  2.90347  2.73739  3.18146  2.89801  2.37887  2.77519  2.98518  4.58477  3.61503
          0.00647  5.43932  6.16166  0.61958  0.77255  0.53137  0.88625
      8   2.66223  4.74241  4.20716  3.16466  3.59861  4.15712  3.77647  2.49387  3.16366  1.90527  3.40412  3.37428  4.53271  2.81008  2.85393  3.01412  3.23735  2.43876  2.98106  2.27887     38 l - - -
          2.68618  4.42225  2.77519  2.73123  3.46354  2.40513  3.72494  3.29354  2.67741  2.69355  4.24690  2.90347  2.73739  3.18146  2.89801  2.37887  2.77519  2.98518  4.58477  3.61503
          0.00647  5.43932  6.16166  0.61958  0.77255  0.53137  0.88625
      9   2.76189  4.12839  5.05177  3.99959  2.54552  4.31183  4.64217  2.12200  4.23890  1.76434  3.65207  4.45399  4.67612  3.48897  4.26871  3.03848  1.83438  2.01966  5.15434  2.96630     39 l - - -
          2.68618  4.42225  2.77519  2.73123  3.46354  2.40513  3.72494  3.29354  2.67741  2.69355  4.24690  2.90347  2.73739  3.18146  2.89801  2.37887  2.77519  2.98518  4.58477  3.61503
          0.00647  5.43932  6.16166  0.61958  0.77255  0.53137  0.88625
     10   3.71546  5.31681  6.02142  5.41965  1.37717  5.31528  5.63253  2.01555  5.24045  1.28228  1.90123  5.48853  5.50833  5.21522  5.19971  4.66260  4.25081  2.47799  5.85383  4.80850     40 l - - -
          2.68618  4.42225  2.77519  2.73123  3.46354  2.40513  3.72494  3.29354  2.67741  2.69355  4.24690  2.90347  2.73739  3.18146  2.89801  2.37887  2.77519  2.98518  4.58477  3.61503
          0.00647  5.43932  6.16166  0.61958  0.77255  0.53137  0.88625
     11   2.03773  4.08317  5.11594  4.50047  2.72488  2.93065  4.65373  2.44813  4.28493  1.25468  3.24434  4.48307  4.68372  4.41577  4.29247  3.63145  3.22180  2.10195  4.02348  3.50272     41 l - - -
          2.68618  4.42225  2.77519  2.73123  3.46354  2.40513  3.72494  3.29354  2.67741  2.69355  4.24690  2.90347  2.73739  3.18146  2.89801  2.37887  2.77519  2.98518  4.58477  3.61503
          0.00647  5.43932  6.16166  0.61958  0.77255  0.53137  0.88625
     12   1.69334  3.41971  5.06710  4.45491  3.07520  4.31363  2.86478  2.76389  4.24990  2.03753  2.91740  4.14717  4.67778  4.38978  4.27431  2.77860  3.16426  2.35527  2.96567  2.46561     42 a - - -
          2.68618  4.42225  2.77519  2.73123  3.46354  2.40513  3.72494  3.29354  2.67741  2.69355  4.24690  2.90347  2.73739  3.18146  2.89801  2.37887  2.77519  2.98518  4.58477  3.61503
          0.00647  5.43932  6.16166  0.61958  0.77255  0.53137  0.88625
     13   1.91007  3.57317  4.66075  4.07308  3.16651  3.93507  4.56801  2.92693  3.94559  2.81171  1.81256  4.01306  4.62308  4.15728  4.10978  1.60640  2.49785  2.76017  5.22965  4.04003     43 s - - -
          2.68618  4.42225  2.77519  2.73123  3.46354  2.40513  3.72494  3.29354  2.67741  2.69355  4.24690  2.90347  2.73739  3.18146  2.89801  2.37887  2.77519  2.98518  4.58477  3.61503
          0.00647  5.43932  6.16166  0.61958  0.77255  0.53137  0.88625
     14   2.50727  2.98230  5.11920  4.50364  2.36106  3.13966  4.65524  1.82375  4.28762  1.77817  3.13363  4.48510  4.68490  4.41808  4.29437  3.07807  3.38352  1.82819  5.14774  3.75987     44 l - - -
          2.68618  4.42225  2.77519  2.73123  3.46354  2.40513  3.72494  3.29354  2.67741  2.69355  4.24690  2.90347  2.73739  3.18146  2.89801  2.37887  2.77519  2.98518  4.58477  3.61503
          0.00647  5.43932  6.16166  0.61958  0.77255  0.53137  0.88625
     15   2.22560  4.05480  5.06928  4.45721  3.41518  2.68228  4.64805  2.53716  4.25248  1.27390  3.45265  4.46376  4.68100  4.39259  4.27732  3.47021  2.56463  2.28939  5.15586  2.53817     45 l - - -
          2.68618  4.42225  2.77519  2.73123  3.46354  2.40513  3.72494  3.29354  2.67741  2.69355  4.24690  2.90347  2.73739  3.18146  2.89801  2.37887  2.77519  2.98518  4.58477  3.61503
          0.00644  5.44382  6.16617  0.61958  0.77255  0.53137  0.88625
     16   2.36163  3.34955  5.07018  4.45797  3.21342  2.53264  4.64757  2.67330  4.25288  1.99379  2.56324  4.46378  4.68055  4.39270  4.27717  2.01521  2.41648  2.28363  3.96807  3.30661     46 l - - -
          2.68618  4.42225  2.77519  2.73123  3.46354  2.40513  3.72494  3.29354  2.67741  2.69355  4.24690  2.90347  2.73739  3.18146  2.89801  2.37887  2.77519  2.98518  4.58477  3.61503
          0.00644  5.44382  6.16617  0.61958  0.77255  0.53137  0.88625
     17   5.30844  6.70840  6.14440  6.22028  7.00392  0.03361  7.00488  7.12503  6.50304  6.44925  7.57376  6.32535  6.07285  6.73889  6.41457  5.54595  5.84941  6.45415  7.56399  7.20573     47 G - - -
          2.68618  4.42225  2.77519  2.73123  3.46354  2.40513  3.72494  3.29354  2.67741  2.69355  4.24690  2.90347  2.73739  3.18146  2.89801  2.37887  2.77519  2.98518  4.58477  3.61503
          0.00644  5.44382  6.16617  0.61958  0.77255  0.53137  0.88625
     18   1.92062  4.53065  5.10429  4.48995  3.09527  3.22289  4.65506  1.54594  4.27786  2.17237  2.56025  4.48009  4.68579  4.41162  4.29082  2.94599  3.38614  1.91901  4.24447  3.97641     48 i - - -
          2.68618  4.42225  2.77519  2.73123  3.46354  2.40513  3.72494  3.29354  2.67741  2.69355  4.24690  2.90347  2.73739  3.18146  2.89801  2.37887  2.77519  2.98518  4.58477  3.61503
          0.00644  5.44382  6.16617  0.61958  0.77255  0.53137  0.88625
     19   2.13441  2.98400  5.11930  4.50374  2.67378  3.28011  4.65611  1.90617  4.28794  1.81282  3.47424  4.18762  4.07384  4.41860  4.29509  3.63381  3.19974  2.02022  2.81817  3.73143     49 l - - -
          2.68618  4.42225  2.77519  2.73123  3.46354  2.40513  3.72494  3.29354  2.67741  2.69355  4.24690  2.90347  2.73739  3.18146  2.89801  2.37887  2.77519  2.98518  4.58477  3.61503
          0.00644  5.44382  6.16617  0.61958  0.77255  0.45826  1.00071
     20   2.95421  4.60435  5.20590  4.59328  2.85316  4.41778  4.75520  1.82236  4.38126  1.13778  2.37501  4.58100  4.77363  4.50811  4.38904  3.47416  2.90755  2.24382  5.23701  4.06577     50 l - - -
          2.68618  4.42225  2.77519  2.73123  3.46354  2.40513  3.72494  3.29354  2.67741  2.69355  4.24690  2.90347  2.73739  3.18146  2.89801  2.37887  2.77519  2.98518  4.58477  3.61503
          0.00638  5.45438  6.17673  0.61958  0.77255  0.48576  0.95510
     21   2.71013  4.73154  4.27074  3.69604  3.03716  1.13622  4.45652  3.20150  3.62115  2.78259  2.52161  4.02469  4.55471  3.64959  2.93240  3.44371  2.65074  2.81003  5.33010  3.89457     51 g - - -
          2.68618  4.42225  2.77519  2.73123  3.46354  2.40513  3.72494  3.29354  2.67741  2.69355  4.24690  2.90347  2.73739  3.18146  2.89801  2.37887  2.77519  2.98518  4.58477  3.61503
          0.00638  5.45438  6.17673  0.61958  0.77255  0.48576  0.95510
     22   1.88824  4.19975  5.13756  4.52196  1.95613  3.45973  4.67266  2.20261  4.30572  1.87997  2.41110  4.50290  4.70189  4.43564  4.31192  3.65029  3.40038  2.00317  4.58255  3.98861     52 l - - -
          2.68618  4.42225  2.77519  2.73123  3.46354  2.40513  3.72494  3.29354  2.67741  2.69355  4.24690  2.90347  2.73739  3.18146  2.89801  2.37887  2.77519  2.98518  4.58477  3.61503
          0.00633  5.46200  6.18434  0.61958  0.77255  0.48576  0.95510
     23   2.17163  3.03993  5.12274  4.50771  3.31410  2.98861  4.66588  1.87372  4.29359  1.81817  3.25166  4.49346  4.69632  4.42568  4.30341  2.56963  2.96731  1.99985  4.07337  3.48572     53 l - - -
          2.68618  4.42225  2.77519  2.73123  3.46354  2.40513  3.72494  3.29354  2.67741  2.69355  4.24690  2.90347  2.73739  3.18146  2.89801  2.37887  2.77519  2.98518  4.58477  3.61503
          0.00633  5.46200  6.18434  0.61958  0.77255  0.48576  0.95510
     24   3.88867  5.20226  5.58582  5.10322  1.49384  3.91962  4.59390  3.05595  4.89544  2.38647  4.31927  4.91512  5.27689  4.27960  4.87327  4.26863  4.11522  3.50278  4.28771  0.81692     54 y - - -
          2.68618  4.42225  2.77519  2.73123  3.46354  2.40513  3.72494  3.29354  2.67741  2.69355  4.24690  2.90347  2.73739  3.18146  2.89801  2.37887  2.77519  2.98518  4.58477  3.61503
          0.00633  5.46200  6.18434  0.61958  0.77255  0.48576  0.95510
     25   3.54517  6.10830  0.61556  2.28663  5.43478  4.06247  4.41198  4.93603  2.82444  3.95768  5.17636  3.51616  4.57290  3.08328  3.25354  3.46472  3.60034  4.49326  6.52412  5.07531     55 D - - -
          2.68618  4.42225  2.77519  2.73123  3.46354  2.40513  3.72494  3.29354  2.67741  2.69355  4.24690  2.90347  2.73739  3.18146  2.89801  2.37887  2.77519  2.98518  4.58477  3.61503
          0.00633  5.46200  6.18434  0.61958  0.77255  0.48576  0.95510
     26   2.87055  3.19491  5.10860  4.49455  2.75754  2.87152  4.66349  2.11345  4.28355  1.73229  3.66013  4.48719  3.61395  4.41829  4.29833  3.09728  1.94024  2.08219  3.79329  3.98639     56 l - - -
          2.68618  4.42225  2.77519  2.73123  3.46354  2.40513  3.72494  3.29354  2.67741  2.69355  4.24690  2.90347  2.73739  3.18146  2.89801  2.37887  2.77519  2.98518  4.58477  3.61503
          0.00633  5.46200  6.18434  0.61958  0.77255  0.48576  0.95510
     27   4.01553  5.30573  5.73299  5.26445  1.61927  5.07426  4.68411  2.42225  5.05177  1.55387  4.27769  4.40536  5.38930  5.03762  5.00527  4.41014  4.23961  3.54195  4.88175  1.07425     57 y - - -
          2.68618  4.42225  2.77519  2.73123  3.46354  2.40513  3.72494  3.29354  2.67741  2.69355  4.24690  2.90347  2.73739  3.18146  2.89801  2.37887  2.77519  2.98518  4.58477  3.61503
          0.00633  5.46200  6.18434  0.61958  0.77255  0.48576  0.95510
     28   2.87513  5.55213  3.37950  2.75876  4.03142  3.52198  3.39000  4.11017  2.43033  3.68244  4.59955  2.72545  4.27950  3.07854  1.02849  2.73270  3.33531  3.66621  5.99764  4.60465     58 r - - -
          2.68618  4.42225  2.77519  2.73123  3.46354  2.40513  3.72494  3.29354  2.67741  2.69355  4.24690  2.90347  2.73739  3.18146  2.89801  2.37887  2.77519  2.98518  4.58477  3.61503
          0.00633  5.46200  6.18434  0.61958  0.77255  0.48576  0.95510
     29   2.95252  3.75584  4.97864  4.09852  3.51579  3.65820  4.24527  1.48280  4.18913  2.11001  3.67818  4.42702  4.67930  4.34775  2.31351  3.02631  2.77427  1.76763  4.66709  3.99994     59 i - - -
          2.68618  4.42225  2.77519  2.73123  3.46354  2.40513  3.72494  3.29354  2.67741  2.69355  4.24690  2.90347  2.73739  3.18146  2.89801  2.37887  2.77519  2.98518  4.58477  3.61503
          0.00633  5.46200  6.18434  0.61958  0.77255  0.48576  0.95510
     30   3.04076  4.56535  5.13265  4.51966  1.40609  4.36015  4.69369  2.07667  3.80621  1.51770  3.50893  4.51545  4.72154  4.44440  3.85643  3.67132  3.03632  2.19411  5.19025  4.01525     60 f - - -
          2.68618  4.42225  2.77519  2.73123  3.46354  2.40513  3.72494  3.29354  2.67741  2.69355  4.24690  2.90347  2.73739  3.18146  2.89801  2.37887  2.77519  2.98518  4.58477  3.61503
          0.00633  5.46200  6.18434  0.61958  0.77255  0.48576  0.95510
     31   3.03645  5.19634  3.69308  3.12290  3.68356  4.02999  4.22767  3.79021  2.64680  2.55943  4.28123  3.61079  4.41461  3.29404  0.98002  2.42856  3.26140  3.16579  5.72032  4.43105     61 r - - -
          2.68618  4.42225  2.77519  2.73123  3.46354  2.40513  3.72494  3.29354  2.67741  2.69355  4.24690  2.90347  2.73739  3.18146  2.89801  2.37887  2.77519  2.98518  4.58477  3.61503
          0.00633  5.46200  6.18434  0.61958  0.77255  0.48576  0.95510
     32   2.95685  5.57255  3.25119  2.52965  4.42762  2.00798  3.82520  3.39354  2.17018  3.07574  4.61677  2.71298  4.26647  2.88160  1.98123  2.89459  2.58550  3.64318  6.01338  3.89277     62 r - - -
          2.68618  4.42225  2.77519  2.73123  3.46354  2.40513  3.72494  3.29354  2.67741  2.69355  4.24690  2.90347  2.73739  3.18146  2.89801  2.37887  2.77519  2.98518  4.58477  3.61503
          0.00633  5.46200  6.18434  0.61958  0.77255  0.48576  0.95510
     33   2.70607  4.42498  4.12593  3.26970  3.31341  3.64235  4.09923  1.92827  3.07361  2.10298  3.35555  3.08763  3.82304  3.20134  2.44247  2.94955  2.84181  2.24790  5.38680  3.76133     63 i - - -
          2.68618  4.42225  2.77519  2.73123  3.46354  2.40513  3.72494  3.29354  2.67741  2.69355  4.24690  2.90347  2.73739  3.18146  2.89801  2.37887  2.77519  2.98518  4.58477  3.61503
          0.00633  5.46200  6.18434  0.61958  0.77255  0.48576  0.95510
     34   2.93499  3.87242  4.43164  3.44185  2.00373  3.90971  4.24127  1.56955  3.90773  2.15576  3.70795  3.60753  4.23462  3.82378  3.47350  3.02936  2.80503  2.22561  4.19292  4.02219     64 i - - -
          2.68618  4.42225  2.77519  2.73123  3.46354  2.40513  3.72494  3.29354  2.67741  2.69355  4.24690  2.90347  2.73739  3.18146  2.89801  2.37887  2.77519  2.98518  4.58477  3.61503
          0.00633  5.46200  6.18434  0.61958  0.77255  0.48576  0.95510
     35   2.79895  5.60174  3.19179  2.62093  4.94571  3.86839  3.16948  4.18263  1.78699  3.90641  4.64275  2.80853  2.02903  2.94198  1.88145  2.96538  3.09583  3.56705  6.03495  4.21272     65 k - - -
          2.68618  4.42225  2.77519  2.73123  3.46354  2.40513  3.72494  3.29354  2.67741  2.69355  4.24690  2.90347  2.73739  3.18146  2.89801  2.37887  2.77519  2.98518  4.58477  3.61503
          0.01293  5.46200  4.75583  0.61958  0.77255  0.48576  0.95510
     36   2.86555  4.95522  3.64325  3.27952  2.78312  4.05872  1.49461  3.12454  3.14658  2.53792  3.75748  3.72715  3.08782  3.23272  2.48756  2.68605  3.14514  3.14024  4.25886  3.98669     66 h - - -
          2.68618  4.42226  2.77520  2.73124  3.46354  2.40513  3.72495  3.29355  2.67741  2.69345  4.24690  2.90347  2.73740  3.18147  2.89801  2.37887  2.77520  2.98519  4.58477  3.61504
          0.05245  4.21454  3.31544  0.46728  0.98538  0.46813  0.98395
     37   2.59534  4.61783  3.36984  2.81350  3.53141  1.92086  2.93663  3.72497  2.11500  3.42412  4.53916  2.31619  3.07252  3.17196  3.00080  2.38251  3.19033  3.85659  5.94522  4.55989     68 g - - -
          2.68618  4.42225  2.77519  2.73123  3.46354  2.40513  3.72494  3.29354  2.67741  2.69355  4.24690  2.90347  2.73739  3.18146  2.89801  2.37887  2.77519  2.98518  4.58477  3.61503
          0.00655  5.42738  6.14973  0.61958  0.77255  0.40636  1.09682
     38   2.84298  5.50678  3.29447  2.83140  4.42195  3.57967  3.22470  3.46386  1.78695  2.73339  4.55814  2.26323  3.66158  3.12362  2.19144  2.40043  3.32814  3.43016  3.51881  4.28778     69 k - - -
          2.68618  4.42225  2.77519  2.73123  3.46354  2.40513  3.72494  3.29354  2.67741  2.69355  4.24690  2.90347  2.73739  3.18146  2.89801  2.37887  2.77519  2.98518  4.58477  3.61503
          0.00633  5.46200  6.18434  0.61958  0.77255  0.48576  0.95510
     39   2.82020  4.54431  5.09101  4.47818  1.97010  4.32933  4.66087  1.84285  3.38023  2.19706  3.66278  4.47965  4.69333  4.40921  3.30860  3.63905  3.21347  2.07010  2.01061  3.68091     70 i - - -
          2.68618  4.42225  2.77519  2.73123  3.46354  2.40513  3.72494  3.29354  2.67741  2.69355  4.24690  2.90347  2.73739  3.18146  2.89801  2.37887  2.77519  2.98518  4.58477  3.61503
          0.00633  5.46200  6.18434  0.61958  0.77255  0.48576  0.95510
     40   2.20032  4.54496  5.08119  4.46898  2.91387  3.65793  4.65863  2.07813  4.26390  1.58666  3.29928  4.47482  4.69162  3.71908  3.73322  3.09267  2.73133  2.03669  2.77365  3.98901     71 l - - -
          2.68618  4.42225  2.77519  2.73123  3.46354  2.40513  3.72494  3.29354  2.67741  2.69355  4.24690  2.90347  2.73739  3.18146  2.89801  2.37887  2.77519  2.98518  4.58477  3.61503
          0.00633  5.46200  6.18434  0.61958  0.77255  0.48576  0.95510
     41   3.01523  4.57206  4.90787  3.92077  3.51661  4.30455  4.62607  2.07440  3.47962  2.03146  3.57699  4.39272  4.67049  4.30777  3.51184  3.26399  1.66165  1.52988  5.19031  3.51910     72 v - - -
          2.68618  4.42225  2.77519  2.73123  3.46354  2.40513  3.72494  3.29354  2.67741  2.69355  4.24690  2.90347  2.73739  3.18146  2.89801  2.37887  2.77519  2.98518  4.58477  3.61503
          0.00633  5.46200  6.18434  0.61958  0.77255  0.48576  0.95510
     42   2.51664  4.72944  4.06372  3.71295  2.02127  1.89142  3.05789  2.71740  3.63814  2.71869  3.14727  3.35715  3.36565  3.90578  3.91811  2.37725  3.26955  2.91055  4.66964  3.40492     73 g - - -
          2.68618  4.42225  2.77519  2.73123  3.46354  2.40513  3.72494  3.29354  2.67741  2.69355  4.24690  2.90347  2.73739  3.18146  2.89801  2.37887  2.77519  2.98518  4.58477  3.61503
          0.00633  5.46200  6.18434  0.61958  0.77255  0.48576  0.95510
     43   3.26835  5.01410  5.75740  5.19056  2.70261  5.05980  5.48600  1.09978  5.02565  1.64523  3.84546  5.22603  5.35765  5.16322  5.06125  4.40734  3.65618  1.41281  5.89745  4.73174     74 i - - -
          2.68618  4.42225  2.77519  2.73123  3.46354  2.40513  3.72494  3.29354  2.67741  2.69355  4.24690  2.90347  2.73739  3.18146  2.89801  2.37887  2.77519  2.98518  4.58477  3.61503
          0.00633  5.46200  6.18434  0.61958  0.77255  0.48576  0.95510
     44   2.83476  4.25629  3.45526  1.17827  3.66020  3.16256  3.47676  4.07887  2.83068  2.67575  4.14844  2.65192  4.30707  2.60576  3.36753  3.11452  3.33337  3.45935  4.30908  4.51629     75 e - - -
          2.68618  4.42225  2.77519  2.73123  3.46354  2.40513  3.72494  3.29354  2.67741  2.69355  4.24690  2.90347  2.73739  3.18146  2.89801  2.37887  2.77519  2.98518  4.58477  3.61503
          0.00633  5.46200  6.18434  0.61958  0.77255  0.48576  0.95510
     45   4.52300  7.19314  0.18554  2.96338  6.54919  4.41910  5.19873  6.27473  4.52534  5.66860  6.68890  3.90589  5.15830  4.41806  5.32197  4.31330  4.87899  5.76023  7.64858  6.09907     76 D - - -
          2.68618  4.42225  2.77519  2.73123  3.46354  2.40513  3.72494  3.29354  2.67741  2.69355  4.24690  2.90347  2.73739  3.18146  2.89801  2.37887  2.77519  2.98518  4.58477  3.61503
          0.00633  5.46200  6.18434  0.61958  0.77255  0.48576  0.95510
     46   2.54981  4.67786  5.29896  4.69208  2.33817  4.52175  4.86935  1.74615  4.48570  1.38709  3.41806  4.68538  4.87072  4.61396  4.49672  3.83955  2.74630  1.76444  5.34347  4.17270     77 l - - -
          2.68618  4.42225  2.77519  2.73123  3.46354  2.40513  3.72494  3.29354  2.67741  2.69355  4.24690  2.90347  2.73739  3.18146  2.89801  2.37887  2.77519  2.98518  4.58477  3.61503
          0.00633  5.46200  6.18434  0.61958  0.77255  0.48576  0.95510
     47   2.15203  3.51963  5.15542  4.54102  2.45167  3.57116  4.69642  2.05961  4.32639  1.19663  3.31615  4.52436  4.72252  4.45661  4.33392  3.67306  3.41945  2.21813  5.18672  4.01156     78 l - - -
          2.68618  4.42225  2.77519  2.73123  3.46354  2.40513  3.72494  3.29354  2.67741  2.69355  4.24690  2.90347  2.73739  3.18146  2.89801  2.37887  2.77519  2.98518  4.58477  3.61503
          0.00633  5.46200  6.18434  0.61958  0.77255  0.48576  0.95510
     48   5.73027  6.50625  6.37823  6.43409  0.55289  6.03414  4.54620  5.23141  6.19368  4.27505  5.71311  5.51056  6.27197  5.72069  5.90684  5.46937  5.90801  5.21560  4.60788  1.06479     79 F - - -
          2.68618  4.42225  2.77519  2.73123  3.46354  2.40513  3.72494  3.29354  2.67741  2.69355  4.24690  2.90347  2.73739  3.18146  2.89801  2.37887  2.77519  2.98518  4.58477  3.61503
          0.00633  5.46200  6.18434  0.61958  0.77255  0.48576  0.95510
     49   3.30300  3.52028  5.15517  4.56484  2.91559  4.01966  4.67271  3.10797  4.36321  2.49478  3.40542  4.56307  4.80967  4.49899  4.39739  3.59688  3.53830  2.93311  0.71578  3.80236     80 w - - -
          2.68618  4.42225  2.77519  2.73123  3.46354  2.40513  3.72494  3.29354  2.67741  2.69355  4.24690  2.90347  2.73739  3.18146  2.89801  2.37887  2.77519  2.98518  4.58477  3.61503
          0.00633  5.46200  6.18434  0.61958  0.77255  0.48576  0.95510
     50   2.35282  3.84547  5.12582  4.51113  2.79996  3.83719  4.67064  1.64179  4.29745  1.35239  3.39901  4.49749  4.70037  4.42983  4.30774  2.94236  3.03692  2.25329  5.16585  3.98973     81 l - - -
          2.68618  4.42225  2.77519  2.73123  3.46354  2.40513  3.72494  3.29354  2.67741  2.69355  4.24690  2.90347  2.73739  3.18146  2.89801  2.37887  2.77519  2.98518  4.58477  3.61503
          0.00633  5.46200  6.18434  0.61958  0.77255  0.48576  0.95510
     51   2.53290  3.50477  5.12008  4.50523  2.51136  2.36223  4.66543  2.17380  4.29171  1.59636  3.50185  4.49228  4.69603  4.42429  4.30246  2.89232  2.65654  2.14634  4.63216  3.49395     82 l - - -
          2.68618  4.42225  2.77519  2.73123  3.46354  2.40513  3.72494  3.29354  2.67741  2.69355  4.24690  2.90347  2.73739  3.18146  2.89801  2.37887  2.77519  2.98518  4.58477  3.61503
          0.00633  5.46200  6.18434  0.61958  0.77255  0.48576  0.95510
     52   1.72323  3.37246  4.10915  3.79305  3.57963  3.66262  4.49047  2.70352  3.70802  2.66214  3.48840  3.57814  4.57930  2.35674  3.96404  1.87614  3.00883  2.31676  4.22947  3.72715     83 a - - -
          2.68618  4.42225  2.77519  2.73123  3.46354  2.40513  3.72494  3.29354  2.67741  2.69355  4.24690  2.90347  2.73739  3.18146  2.89801  2.37887  2.77519  2.98518  4.58477  3.61503
          0.00633  5.46200  6.18434  0.61958  0.77255  0.48576  0.95510
     53   1.53064  4.99477  3.88615  3.21424  3.52208  2.09570  4.35706  3.58533  3.29940  3.27531  3.81815  3.76503  4.46286  3.61919  3.69517  1.91534  2.04293  3.06589  5.61351  4.35595     84 a - - -
          2.68618  4.42225  2.77519  2.73123  3.46354  2.40513  3.72494  3.29354  2.67741  2.69355  4.24690  2.90347  2.73739  3.18146  2.89801  2.37887  2.77519  2.98518  4.58477  3.61503
          0.00633  5.46200  6.18434  0.61958  0.77255  0.48576  0.95510
     54   2.12716  4.54549  5.12438  4.51002  2.86635  2.92138  4.67282  1.74083  4.29732  1.45387  3.17735  4.49856  4.70255  4.43028  4.30902  3.49119  3.40210  2.04892  5.16877  3.69205     85 l - - -
          2.68618  4.42225  2.77519  2.73123  3.46354  2.40513  3.72494  3.29354  2.67741  2.69355  4.24690  2.90347  2.73739  3.18146  2.89801  2.37887  2.77519  2.98518  4.58477  3.61503
          0.00633  5.46200  6.18434  0.61958  0.77255  0.48576  0.95510
     55   2.47925  4.20878  5.11414  4.49977  2.76002  2.71343  4.66494  1.81395  4.28769  2.19036  3.45739  4.48998  4.69584  4.42150  4.30071  3.25608  2.52291  1.75023  5.16271  2.51455     86 v - - -
          2.68618  4.42225  2.77519  2.73123  3.46354  2.40513  3.72494  3.29354  2.67741  2.69355  4.24690  2.90347  2.73739  3.18146  2.89801  2.37887  2.77519  2.98518  4.58477  3.61503
          0.00633  5.46200  6.18434  0.61958  0.77255  0.48576  0.95510
     56   2.77236  4.15090  5.14795  4.53457  3.15402  3.96102  4.69648  1.63112  4.32182  1.81152  3.44076  4.52123  4.72233  4.45483  4.33252  3.51194  2.16258  1.52841  5.19033  4.01382     87 v - - -
          2.68618  4.42225  2.77519  2.73123  3.46354  2.40513  3.72494  3.29354  2.67741  2.69355  4.24690  2.90347  2.73739  3.18146  2.89801  2.37887  2.77519  2.98518  4.58477  3.61503
          0.00633  5.46200  6.18434  0.61958  0.77255  0.48576  0.95510
     57   4.31055  5.56579  5.85333  5.44718  0.35156  5.29550  4.67947  3.65504  5.23827  2.86849  3.69321  5.17335  5.59247  5.18315  5.18960  3.90455  4.53165  3.80932  4.83524  2.76082     88 F - - -
          2.68618  4.42225  2.77519  2.73123  3.46354  2.40513  3.72494  3.29354  2.67741  2.69355  4.24690  2.90347  2.73739  3.18146  2.89801  2.37887  2.77519  2.98518  4.58477  3.61503
          0.00633  5.46200  6.18434  0.61958  0.77255  0.48576  0.95510
     58   2.52027  4.64837  4.54722  3.49134  3.51183  3.21115  4.54095  2.30036  3.85369  1.98983  3.76239  4.19720  4.61369  3.44199  2.71602  2.88877  3.14732  2.05417  5.25752  1.88630     89 y - - -
          2.68618  4.42225  2.77519  2.73123  3.46354  2.40513  3.72494  3.29354  2.67741  2.69355  4.24690  2.90347  2.73739  3.18146  2.89801  2.37887  2.77519  2.98518  4.58477  3.61503
          0.00633  5.46200  6.18434  0.61958  0.77255  0.48576  0.95510
     59   3.17036  4.54844  5.10962  4.17408  1.98900  4.33749  4.66964  2.67393  4.28642  1.65838  2.46743  4.49190  4.70063  2.72474  4.30303  3.64787  2.78454  1.68278  4.05936  3.99339     90 l - - -
          2.68618  4.42225  2.77519  2.73123  3.46354  2.40513  3.72494  3.29354  2.67741  2.69355  4.24690  2.90347  2.73739  3.18146  2.89801  2.37887  2.77519  2.98518  4.58477  3.61503
          0.00633  5.46200  6.18434  0.61958  0.77255  0.48576  0.95510
     60   3.22067  4.59308  5.17445  4.56055  3.03912  4.39339  4.72588  2.04297  4.34926  0.89775  2.88996  4.55258  4.75052  4.47645  4.35957  2.79984  3.15130  2.56225  5.21142  3.52120     91 l - - -
          2.68618  4.42225  2.77519  2.73123  3.46354  2.40513  3.72494  3.29354  2.67741  2.69355  4.24690  2.90347  2.73739  3.18146  2.89801  2.37887  2.77519  2.98518  4.58477  3.61503
          0.00633  5.46200  6.18434  0.61958  0.77255  0.48576  0.95510
     61   3.16262  4.11536  5.04015  4.43063  2.20156  4.32237  4.65128  2.54061  3.64936  1.72296  2.91036  3.78606  4.68692  3.33999  4.27287  3.06024  3.39478  2.55429  5.17126  1.57702     92 y - - -
          2.68618  4.42225  2.77519  2.73123  3.46354  2.40513  3.72494  3.29354  2.67741  2.69355  4.24690  2.90347  2.73739  3.18146  2.89801  2.37887  2.77519  2.98518  4.58477  3.61503
          0.00633  5.46200  6.18434  0.61958  0.77255  0.48576  0.95510
     62   2.58050  4.57820  3.71486  2.55491  3.24340  2.71272  2.81577  3.41875  2.61705  2.23210  3.98321  3.24714  4.40231  3.01351  2.72344  3.23756  3.11440  2.48416  4.06113  2.73653     93 l - - -
          2.68618  4.42225  2.77519  2.73123  3.46354  2.40513  3.72494  3.29354  2.67741  2.69355  4.24690  2.90347  2.73739  3.18146  2.89801  2.37887  2.77519  2.98518  4.58477  3.61503
          0.00633  5.46200  6.18434  0.61958  0.77255  0.48576  0.95510
     63   2.89907  4.12291  3.84487  2.57847  3.75230  3.32148  4.29934  2.79413  3.04091  3.18080  3.84408  3.72923  4.44430  2.49621  3.64428  2.15899  1.81921  2.14136  5.52643  3.14594     94 t - - -
          2.68618  4.42225  2.77519  2.73123  3.46354  2.40513  3.72494  3.29354  2.67741  2.69355  4.24690  2.90347  2.73739  3.18146  2.89801  2.37887  2.77519  2.98518  4.58477  3.61503
          0.00633  5.46200  6.18434  0.61958  0.77255  0.48576  0.95510
     64   2.83710  5.60671  3.07236  2.74703  4.93562  3.14258  4.13687  3.80373  2.90051  3.91401  4.67289  0.94454  4.32588  3.13784  3.39360  2.46375  2.81145  3.99313  6.07080  4.67168     95 n - - -
          2.68618  4.42225  2.77519  2.73123  3.46354  2.40513  3.72494  3.29354  2.67741  2.69355  4.24690  2.90347  2.73739  3.18146  2.89801  2.37887  2.77519  2.98518  4.58477  3.61503
          0.00633  5.46200  6.18434  0.61958  0.77255  0.48576  0.95510
     65   2.84152  4.78681  1.74778  2.37241  4.33889  3.35852  3.29585  4.40541  2.73491  3.53937  4.62951  2.98467  4.26369  2.32775  2.96633  2.55570  2.96807  3.97358  3.62823  2.56280     96 d - - -
          2.68618  4.42225  2.77519  2.73123  3.46354  2.40513  3.72494  3.29354  2.67741  2.69355  4.24690  2.90347  2.73739  3.18146  2.89801  2.37887  2.77519  2.98518  4.58477  3.61503
          0.00633  5.46200  6.18434  0.61958  0.77255  0.48576  0.95510
     66   2.51949  5.08671  5.12368  4.78062  3.75657  0.39075  5.44981  4.09845  4.70266  3.61443  4.89585  4.65837  4.83657  4.91622  4.87216  3.54424  3.77150  3.15133  6.36390  5.13979     97 G - - -
          2.68618  4.42225  2.77519  2.73123  3.46354  2.40513  3.72494  3.29354  2.67741  2.69355  4.24690  2.90347  2.73739  3.18146  2.89801  2.37887  2.77519  2.98518  4.58477  3.61503
          0.00633  5.46200  6.18434  0.61958  0.77255  0.48576  0.95510
     67   2.77632  5.46250  3.24770  1.52650  4.38081  3.52566  3.75231  2.60468  2.85299  3.60538  2.68392  3.01028  4.28915  2.47317  3.11047  2.39996  3.32994  3.38363  5.93046  3.51129     98 e - - -
          2.68618  4.42225  2.77519  2.73123  3.46354  2.40513  3.72494  3.29354  2.67741  2.69355  4.24690  2.90347  2.73739  3.18146  2.89801  2.37887  2.77519  2.98518  4.58477  3.61503
          0.00633  5.46200  6.18434  0.61958  0.77255  0.48576  0.95510
     68   3.61462  4.94367  5.60327  5.00086  2.30669  4.84848  5.19410  1.62232  4.80440  1.34137  2.91161  5.01606  4.04040  4.88857  4.80164  4.17648  3.84368  1.47425  5.58770  4.45613     99 l - - -
          2.68618  4.42225  2.77519  2.73123  3.46354  2.40513  3.72494  3.29354  2.67741  2.69355  4.24690  2.90347  2.73739  3.18146  2.89801  2.37887  2.77519  2.98518  4.58477  3.61503
          0.00633  5.46200  6.18434  0.61958  0.77255  0.48576  0.95510
     69   3.78667  5.77463  4.59738  4.12893  5.94102  3.00092  4.90608  5.30254  3.17010  4.73834  5.59870  4.01334  4.99530  4.06771  0.32197  3.60244  3.82824  4.77620  6.73827  5.64203    100 R - - -
          2.68618  4.42225  2.77519  2.73123  3.46354  2.40513  3.72494  3.29354  2.67741  2.69355  4.24690  2.90347  2.73739  3.18146  2.89801  2.37887  2.77519  2.98518  4.58477  3.61503
          0.00633  5.46200  6.18434  0.61958  0.77255  0.48576  0.95510
     70   2.75113  4.54326  5.10513  4.49151  1.77866  2.58046  4.66332  2.43737  4.28156  2.03654  3.45925  4.48634  4.01780  4.41702  4.29793  3.64204  3.39715  2.56161  1.90591  2.98385    101 f - - -
          2.68618  4.42225  2.77519  2.73123  3.46354  2.40513  3.72494  3.29354  2.67741  2.69355  4.24690  2.90347  2.73739  3.18146  2.89801  2.37887  2.77519  2.98518  4.58477  3.61503
          0.00633  5.46200  6.18434  0.61958  0.77255  0.48576  0.95510
     71   5.03152  6.11300  6.08220  5.88304  1.79330  5.69988  3.76208  4.73869  5.68021  4.04875  5.30221  5.32411  3.85536  5.45497  5.56083  3.42990  5.23662  4.63197  3.66208  0.42875    102 Y - - -
          2.68618  4.42225  2.77519  2.73123  3.46354  2.40513  3.72494  3.29354  2.67741  2.69355  4.24690  2.90347  2.73739  3.18146  2.89801  2.37887  2.77519  2.98518  4.58477  3.61503
          0.00633  5.46200  6.18434  0.61958  0.77255  0.48576  0.95510
     72   2.32558  3.82124  5.08609  4.47355  2.26974  3.75584  3.88430  1.88943  4.26742  2.25330  3.25089  3.63293  4.69217  4.40634  4.29003  2.46763  3.01147  1.80454  5.16541  3.20008    103 v - - -
          2.68618  4.42225  2.77519  2.73123  3.46354  2.40513  3.72494  3.29354  2.67741  2.69355  4.24690  2.90347  2.73739  3.18146  2.89801  2.37887  2.77519  2.98518  4.58477  3.61503
          0.00633  5.46200  6.18434  0.61958  0.77255  0.48576  0.95510
     73   2.98335  4.54315  5.12866  4.51377  1.41744  3.96272  4.67148  2.01339  4.29960  1.87855  3.50891  4.49917  4.08632  4.43137  4.30906  3.64917  3.07059  2.07849  5.16572  2.73637    104 f - - -
          2.68618  4.42225  2.77519  2.73123  3.46354  2.40513  3.72494  3.29354  2.67741  2.69355  4.24690  2.90347  2.73739  3.18146  2.89801  2.37887  2.77519  2.98518  4.58477  3.61503
          0.00633  5.46200  6.18434  0.61958  0.77255  0.48576  0.95510
     74   2.48320  4.62737  5.22996  4.62004  2.46921  3.49218  4.79179  1.83156  4.41117  1.24921  3.53825  4.61175  4.80498  4.54134  4.42269  3.76507  3.49567  1.80716  5.27499  4.10211    105 l - - -
          2.68618  4.42225  2.77519  2.73123  3.46354  2.40513  3.72494  3.29354  2.67741  2.69355  4.24690  2.90347  2.73739  3.18146  2.89801  2.37887  2.77519  2.98518  4.58477  3.61503
          0.00633  5.46200  6.18434  0.61958  0.77255  0.48576  0.95510
     75   1.60769  4.73232  4.50302  3.93161  3.32430  1.07889  4.53784  3.20637  3.83400  2.66295  3.86002  4.18668  4.64137  4.07731  4.06378  3.37191  3.43920  3.00435  4.55153  3.35124    106 g - - -
          2.68618  4.42225  2.77519  2.73123  3.46354  2.40513  3.72494  3.29354  2.67741  2.69355  4.24690  2.90347  2.73739  3.18146  2.89801  2.37887  2.77519  2.98518  4.58477  3.61503
          0.00633  5.46200  6.18434  0.61958  0.77255  0.48576  0.95510
     76   2.35732  3.89485  5.09395  3.35075  3.03421  4.33089  4.66285  1.85897  4.27382  1.49738  2.93034  3.58565  4.69483  4.41169  4.29442  3.32094  3.39718  1.77315  5.16690  3.99011    107 l - - -
          2.68618  4.42225  2.77519  2.73123  3.46354  2.40513  3.72494  3.29354  2.67741  2.69355  4.24690  2.90347  2.73739  3.18146  2.89801  2.37887  2.77519  2.98518  4.58477  3.61503
          0.00633  5.46200  6.18434  0.61958  0.77255  0.48576  0.95510
     77   2.32059  4.55349  5.09091  3.78719  2.49946  2.85172  4.67112  2.22478  4.27496  1.30393  3.51761  4.48609  4.70239  4.41508  4.29988  3.64858  3.25648  1.86060  5.17800  4.00103    108 l - - -
          2.68618  4.42225  2.77519  2.73123  3.46354  2.40513  3.72494  3.29354  2.67741  2.69355  4.24690  2.90347  2.73739  3.18146  2.89801  2.37887  2.77519  2.98518  4.58477  3.61503
          0.00633  5.46200  6.18434  0.61958  0.77255  0.48576  0.95510
     78   3.00919  2.46886  5.17343  4.55966  3.14056  3.77521  4.71330  1.68809  4.34467  1.43350  2.76329  4.54089  4.73655  4.47480  4.35099  3.68856  3.19514  1.95018  5.20181  4.02620    109 l - - -
          2.68618  4.42225  2.77519  2.73123  3.46354  2.40513  3.72494  3.29354  2.67741  2.69355  4.24690  2.90347  2.73739  3.18146  2.89801  2.37887  2.77519  2.98518  4.58477  3.61503
          0.00633  5.46200  6.18434  0.61958  0.77255  0.48576  0.95510
     79   3.29958  5.22707  5.13960  5.17270  6.10458  0.23420  6.07035  5.63628  5.38883  5.32036  6.05706  4.79039  4.86934  5.47339  5.45159  2.86957  3.16471  4.66780  7.42808  6.38841    110 G - - -
          2.68618  4.42225  2.77519  2.73123  3.46354  2.40513  3.72494  3.29354  2.67741  2.69355  4.24690  2.90347  2.73739  3.18146  2.89801  2.37887  2.77519  2.98518  4.58477  3.61503
          0.00633  5.46200  6.18434  0.61958  0.77255  0.48576  0.95510
     80   2.08272  4.53988  5.11881  4.50405  2.39540  3.47549  4.66521  2.50016  4.29081  2.25859  1.86735  4.49173  4.69590  4.42364  4.30201  2.91505  3.21978  2.20575  3.64078  2.46557    111 m - - -
          2.68618  4.42225  2.77519  2.73123  3.46354  2.40513  3.72494  3.29354  2.67741  2.69355  4.24690  2.90347  2.73739  3.18146  2.89801  2.37887  2.77519  2.98518  4.58477  3.61503
          0.00633  5.46200  6.18434  0.61958  0.77255  0.48576  0.95510
     81   1.87283  3.38633  5.12693  4.51161  2.78884  3.56075  4.66660  1.96560  4.29657  1.87323  3.65774  4.49532  4.69679  4.42788  4.30493  2.91897  2.87426  2.06702  3.17258  3.25678    112 a - - -
          2.68618  4.42225  2.77519  2.73123  3.46354  2.40513  3.72494  3.29354  2.67741  2.69355  4.24690  2.90347  2.73739  3.18146  2.89801  2.37887  2.77519  2.98518  4.58477  3.61503
          0.00633  5.46200  6.18434  0.61958  0.77255  0.48576  0.95510
     82   2.37533  3.67269  5.13647  4.52125  2.82763  3.75619  4.67431  2.33744  4.30571  1.12613  2.82824  4.50345  4.70327  4.43641  4.31296  3.53384  3.07575  2.00526  5.16678  3.99091    113 l - - -
          2.68618  4.42225  2.77519  2.73123  3.46354  2.40513  3.72494  3.29354  2.67741  2.69355  4.24690  2.90347  2.73739  3.18146  2.89801  2.37887  2.77519  2.98518  4.58477  3.61503
          0.00633  5.46200  6.18434  0.61958  0.77255  0.48576  0.95510
     83   2.82307  4.96247  5.27779  4.73322  3.04079  4.68727  4.61536  3.26846  4.54902  2.95720  3.22510  4.70393  5.03654  4.21020  4.59553  4.00102  3.82255  3.23116  4.02852  0.55437    114 Y - - -
          2.68618  4.42225  2.77519  2.73123  3.46354  2.40513  3.72494  3.29354  2.67741  2.69355  4.24690  2.90347  2.73739  3.18146  2.89801  2.37887  2.77519  2.98518  4.58477  3.61503
          0.00633  5.46200  6.18434  0.61958  0.77255  0.48576  0.95510
     84   2.67123  5.51060  3.02231  2.68915  2.58459  3.88638  3.35748  3.43088  2.31656  2.86948  4.09089  2.64121  4.27885  2.10156  2.57802  2.86903  3.13949  3.71219  5.96698  2.73954    115 q - - -
          2.68618  4.42225  2.77519  2.73123  3.46354  2.40513  3.72494  3.29354  2.67741  2.69355  4.24690  2.90347  2.73739  3.18146  2.89801  2.37887  2.77519  2.98518  4.58477  3.61503
          0.03451  5.46200  3.51728  0.61958  0.77255  0.48576  0.95510
     85   2.39970  4.84716  3.98062  3.41347  2.66316  3.44494  4.34505  3.25436  2.08186  1.68680  3.75998  3.20351  4.47272  3.47564  3.05919  2.57559  3.14130  2.68779  3.47020  4.19177    116 l - - -
          2.68618  4.42225  2.77519  2.73123  3.46354  2.40513  3.72494  3.29354  2.67741  2.69355  4.24690  2.90347  2.73739  3.18146  2.89801  2.37887  2.77519  2.98518  4.58477  3.61503
          0.00651  5.43399  6.15633  0.61958  0.77255  0.41922  1.07165
     86   2.90391  4.16885  5.13866  4.52329  2.59955  4.34247  4.67625  2.21245  4.30777  1.35557  3.47126  4.50582  4.70527  4.43777  4.31481  3.65408  1.61242  2.33409  4.25519  3.77484    117 l - - -
          2.68618  4.42225  2.77519  2.73123  3.46354  2.40513  3.72494  3.29354  2.67741  2.69355  4.24690  2.90347  2.73739  3.18146  2.89801  2.37887  2.77519  2.98518  4.58477  3.61503
          0.00633  5.46200  6.18434  0.61958  0.77255  0.48576  0.95510
     87   2.74666  4.10726  5.12954  4.51422  1.89273  3.65733  4.66866  2.09491  4.05301  1.28678  3.65829  4.49757  4.69859  4.11945  4.30707  3.64638  3.39768  2.00793  4.42643  3.98620    118 l - - -
          2.68618  4.42225  2.77519  2.73123  3.46354  2.40513  3.72494  3.29354  2.67741  2.69355  4.24690  2.90347  2.73739  3.18146  2.89801  2.37887  2.77519  2.98518  4.58477  3.61503
          0.00633  5.46200  6.18434  0.61958  0.77255  0.48576  0.95510
     88   3.11159  5.59826  3.36644  2.48850  4.52039  2.41998  3.86815  4.17239  2.45816  3.89858  4.64167  3.35618  4.27847  2.75159  2.43846  1.14998  3.34184  3.98596  6.03232  4.63055    119 s - - -
          2.68618  4.42225  2.77519  2.73123  3.46354  2.40513  3.72494  3.29354  2.67741  2.69355  4.24690  2.90347  2.73739  3.18146  2.89801  2.37887  2.77519  2.98518  4.58477  3.61503
          0.09525  5.46200  2.44638  0.61958  0.77255  0.48576  0.95510
     89   2.39042  5.53966  3.30454  2.60030  4.87673  3.82497  3.35973  3.74282  1.95636  3.84150  4.06874  2.68608  3.40172  2.72950  1.78579  2.55640  3.03393  3.19390  5.97713  3.81345    120 r - - -
          2.68618  4.42225  2.77519  2.73123  3.46354  2.40513  3.72494  3.29354  2.67741  2.69355  4.24690  2.90347  2.73739  3.18146  2.89801  2.37887  2.77519  2.98518  4.58477  3.61503
          0.00691  5.37366  6.09601  0.61958  0.77255  0.32732  1.27602
     90   2.91138  4.58279  4.84463  4.24655  2.47177  3.76063  3.86596  1.80061  3.59616  1.86755  3.08274  3.93774  2.91571  3.46842  2.97784  3.30753  2.88756  2.34134  4.27540  3.39831    121 i - - -
          2.68618  4.42225  2.77519  2.73123  3.46354  2.40513  3.72494  3.29354  2.67741  2.69355  4.24690  2.90347  2.73739  3.18146  2.89801  2.37887  2.77519  2.98518  4.58477  3.61503
          0.00633  5.46200  6.18434  0.61958  0.77255  0.48576  0.95510
     91   2.75179  4.53970  5.12563  4.51050  2.18981  4.07511  4.66722  2.07536  4.29598  2.01039  3.29618  4.49529  4.24475  4.42770  4.30510  3.46423  2.61764  1.70024  5.16172  2.14929    122 v - - -
          2.68618  4.42225  2.77519  2.73123  3.46354  2.40513  3.72494  3.29354  2.67741  2.69355  4.24690  2.90347  2.73739  3.18146  2.89801  2.37887  2.77519  2.98518  4.58477  3.61503
          0.09525  5.46200  2.44638  0.61958  0.77255  0.48576  0.95510
     92   3.10635  4.53109  4.78729  3.93933  2.85984  3.64297  4.55885  1.99176  3.18966  1.61277  3.07877  4.30555  4.17200  3.18836  2.96181  3.53935  2.96881  1.81398  5.14782  3.55225    123 l - - -
          2.68618  4.42225  2.77519  2.73123  3.46354  2.40513  3.72494  3.29354  2.67741  2.69355  4.24690  2.90347  2.73739  3.18146  2.89801  2.37887  2.77519  2.98518  4.58477  3.61503
          0.00691  5.37366  6.09601  0.61958  0.77255  0.80668  0.59120
     93   2.67814  5.53646  3.30640  2.58150  3.98536  3.00424  3.75049  3.53855  1.89343  3.60181  4.21187  2.50917  4.21912  2.77346  1.61339  2.77024  3.02343  3.92205  5.97474  4.56969    124 r - - -
          2.68618  4.42225  2.77519  2.73123  3.46354  2.40513  3.72494  3.29354  2.67741  2.69355  4.24690  2.90347  2.73739  3.18146  2.89801  2.37887  2.77519  2.98518  4.58477  3.61503
          0.00691  5.37366  6.09601  0.61958  0.77255  0.80668  0.59120
     94   2.39308  3.65919  5.03052  4.41819  2.53575  3.03701  4.60632  2.13909  3.43115  1.49490  3.18629  4.42304  4.63911  4.35214  4.23629  2.84509  3.05547  2.02756  5.11309  3.93611    125 l - - -
          2.68618  4.42225  2.77519  2.73123  3.46354  2.40513  3.72494  3.29354  2.67741  2.69355  4.24690  2.90347  2.73739  3.18146  2.89801  2.37887  2.77519  2.98518  4.58477  3.61503
          0.00691  5.37366  6.09601  0.61958  0.77255  0.80668  0.59120
     95   2.68298  3.82568  4.95880  4.04322  3.04636  3.58575  4.12451  2.19781  4.16058  1.33278  3.62035  3.64318  4.63045  3.16419  4.20902  2.99761  3.34124  1.94258  4.53799  3.11592    126 l - - -
          2.68618  4.42225  2.77519  2.73123  3.46354  2.40513  3.72494  3.29354  2.67741  2.69355  4.24690  2.90347  2.73739  3.18146  2.89801  2.37887  2.77519  2.98518  4.58477  3.61503
          0.00691  5.37366  6.09601  0.61958  0.77255  0.32732  1.27602
     96   2.85150  5.51590  3.38312  1.85445  4.04541  3.88522  3.21735  3.58181  1.97991  3.12611  4.01814  2.87183  4.27776  3.09161  2.75612  2.27586  2.70354  2.82498  5.97097  3.47771    127 e - - -
          2.68618  4.42225  2.77519  2.73123  3.46354  2.40513  3.72494  3.29354  2.67741  2.69355  4.24690  2.90347  2.73739  3.18146  2.89801  2.37887  2.77519  2.98518  4.58477  3.61503
          0.00633  5.46200  6.18434  0.61958  0.77255  0.48576  0.95510
     97   2.38355  4.93843  3.87622  3.15895  3.08914  2.95212  3.62642  3.14702  1.51657  2.71050  3.11015  3.75235  4.45389  3.59464  2.86193  2.99700  3.20150  2.67911  3.07201  4.25628    128 k - - -
          2.68618  4.42225  2.77519  2.73123  3.46354  2.40513  3.72494  3.29354  2.67741  2.69355  4.24690  2.90347  2.73739  3.18146  2.89801  2.37887  2.77519  2.98518  4.58477  3.61503
          0.00635  5.45795  6.18029  0.61958  0.77255  0.48576  0.95510
     98   2.56045  3.88920  5.13765  4.52276  2.60417  3.94051  4.67680  1.61092  4.30755  1.84557  3.38312  4.50526  4.70498  4.43862  4.31514  3.27174  2.86539  1.54425  5.16931  3.99324    129 v - - -
          2.68618  4.42225  2.77519  2.73123  3.46354  2.40513  3.72494  3.29354  2.67741  2.69355  4.24690  2.90347  2.73739  3.18146  2.89801  2.37887  2.77519  2.98518  4.58477  3.61503
          0.00635  5.45795  6.18029  0.61958  0.77255  0.48576  0.95510
     99   3.06095  3.94893  5.04744  3.09228  2.77628  3.85800  3.48085  1.33646  3.92996  2.07806  3.51601  4.45803  4.68549  4.38445  4.02301  3.09947  2.94840  2.05260  4.44854  3.17457    130 i - - -
          2.68618  4.42225  2.77519  2.73123  3.46354  2.40513  3.72494  3.29354  2.67741  2.69355  4.24690  2.90347  2.73739  3.18146  2.89801  2.37887  2.77519  2.98518  4.58477  3.61503
          0.00635  5.45795  6.18029  0.61958  0.77255  0.48576  0.95510
    100   2.70433  5.60155  3.03938  2.39176  4.17802  3.09832  3.35607  4.43244  1.47774  3.34493  4.64224  2.56987  4.25841  2.62764  2.47236  2.75475  2.88853  3.99214  4.70726  4.15415    131 k - - -
          2.68618  4.42225  2.77519  2.73123  3.46354  2.40513  3.72494  3.29354  2.67741  2.69355  4.24690  2.90347  2.73739  3.18146  2.89801  2.37887  2.77519  2.98518  4.58477  3.61503
          0.00635  5.45795  6.18029  0.61958  0.77255  0.48576  0.95510
    101   2.29017  4.03253  4.71495  4.12325  2.32417  3.96736  4.58139  2.26974  2.31913  2.25834  3.58764  3.78648  4.63999  3.96403  2.94623  2.88639  2.68612  2.34918  4.44688  2.81320    132 l - - -
          2.68618  4.42225  2.77519  2.73123  3.46354  2.40513  3.72494  3.29354  2.67741  2.69355  4.24690  2.90347  2.73739  3.18146  2.89801  2.37887  2.77519  2.98518  4.58477  3.61503
          0.00635  5.45795  6.18029  0.61958  0.77255  0.48576  0.95510
    102   2.64525  4.07209  5.13336  4.51765  2.92715  4.33350  4.66755  1.55621  4.30115  1.60903  3.04300  4.49802  4.69701  4.43115  3.91450  3.30636  2.98782  1.71308  4.73831  3.98352    133 i - - -
          2.68618  4.42225  2.77519  2.73123  3.46354  2.40513  3.72494  3.29354  2.67741  2.69355  4.24690  2.90347  2.73739  3.18146  2.89801  2.37887  2.77519  2.98518  4.58477  3.61503
          0.00640  5.45065  6.17300  0.61958  0.77255  0.48576  0.95510
    103   2.94136  4.42481  3.73408  2.88245  3.34689  3.59684  4.24722  2.94724  2.19487  2.23178  3.66787  3.50838  4.40451  2.59348  2.08258  2.91505  2.71426  2.76054  5.58977  2.94275    134 r - - -
          2.68618  4.42225  2.77519  2.73123  3.46354  2.40513  3.72494  3.29354  2.67741  2.69355  4.24690  2.90347  2.73739  3.18146  2.89801  2.37887  2.77519  2.98518  4.58477  3.61503
          0.03362  5.45065  3.54863  0.61958  0.77255  0.48576  0.95510
    104   2.23919  5.49582  3.24557  2.80648  4.02527  3.33622  3.85346  3.04855  1.72540  3.78551  3.80732  2.64639  4.25744  2.86017  2.25840  2.63022  2.62675  3.86682  4.03817  4.19008    135 k - - -
          2.68618  4.42225  2.77519  2.73123  3.46354  2.40513  3.72494  3.29354  2.67741  2.69355  4.24690  2.90347  2.73739  3.18146  2.89801  2.37887  2.77519  2.98518  4.58477  3.61503
          0.07775  5.42361  2.65363  0.61958  0.77255  0.59736  0.79909
    105   2.67664  3.53064  4.98036  4.37050  2.66131  4.25797  4.58726  1.69120  3.86498  1.69454  3.26949  3.87568  4.62247  4.31950  2.43411  3.06197  3.09533  2.19027  5.10563  3.92775    136 i - - -
          2.68618  4.42225  2.77519  2.73123  3.46354  2.40513  3.72494  3.29354  2.67741  2.69355  4.24690  2.90347  2.73739  3.18146  2.89801  2.37887  2.77519  2.98518  4.58477  3.61503
          0.00706  5.35292  6.07526  0.61958  0.77255  0.83080  0.57217
    106   2.91329  4.48360  4.99094  4.38041  2.36775  2.96259  4.58911  2.21912  2.55884  1.69443  3.60205  4.39834  4.62375  4.32522  4.21382  3.56757  3.10166  2.09249  3.80193  2.37041    137 l - - -
          2.68618  4.42225  2.77519  2.73123  3.46354  2.40513  3.72494  3.29354  2.67741  2.69355  4.24690  2.90347  2.73739  3.18146  2.89801  2.37887  2.77519  2.98518  4.58477  3.61503
          0.00706  5.35292  6.07526  0.61958  0.77255  0.83080  0.57217
    107   2.95119  5.45311  3.22669  2.63128  4.48104  2.58406  3.63339  2.86747  1.97998  2.90008  4.50419  3.31467  4.22278  2.86476  1.64625  2.72525  3.16900  3.65934  5.90964  3.87547    138 r - - -
          2.68618  4.42225  2.77519  2.73123  3.46354  2.40513  3.72494  3.29354  2.67741  2.69355  4.24690  2.90347  2.73739  3.18146  2.89801  2.37887  2.77519  2.98518  4.58477  3.61503
          0.01564  5.33514  4.53790  0.61958  0.77255  0.83080  0.57217
    108   2.90244  4.70275  3.43067  3.31092  2.17846  3.66218  4.34599  2.29893  1.83013  2.40490  3.40027  3.87840  4.45556  3.51480  3.31039  3.33487  2.72712  2.74508  3.09797  3.81763    139 k - - -
          2.68679  4.42123  2.77595  2.73188  3.46253  2.40561  3.72570  3.29174  2.67695  2.69274  4.24499  2.90405  2.73815  3.18191  2.89724  2.37945  2.77504  2.98344  4.58552  3.61535
          0.42456  1.06833  6.04910  1.32151  0.31025  0.66389  0.72328
    109   2.81027  3.95607  4.11382  4.31231  2.08878  4.25310  4.57876  1.73573  3.96508  1.72279  3.38201  3.47157  4.61827  4.28696  2.70769  3.55783  2.94909  2.23404  5.11839  3.93881    147 l - - -
          2.68634  4.42241  2.77535  2.73139  3.46312  2.40529  3.72510  3.29370  2.67704  2.69327  4.24706  2.90363  2.73756  3.18076  2.89779  2.37893  2.77517  2.98534  4.58493  3.61519
          0.12577  2.15503  6.08149  0.84994  0.55764  0.76056  0.62999
    110   2.70405  4.59701  2.86133  2.71864  2.91108  3.05165  3.65846  2.66067  2.51072  2.12672  4.11423  3.10106  4.34065  3.39535  2.69416  3.17421  2.70243  3.05135  3.89146  2.99689    151 l - - -
          2.68636  4.42243  2.77508  2.73142  3.46372  2.40510  3.72513  3.29322  2.67692  2.69373  4.24708  2.90365  2.73744  3.18143  2.89819  2.37855  2.77508  2.98537  4.58495  3.61521
          0.05538  2.96436  6.08149  1.79323  0.18203  0.64608  0.74254
    111   2.75083  5.25083  3.45520  2.59835  4.06122  3.10875  3.63079  2.64235  1.79080  2.66345  3.69122  2.96592  4.27471  2.93115  2.22715  3.08793  3.28414  3.33092  3.43309  3.64434    160 k - - -
          2.68618  4.42225  2.77519  2.73123  3.46354  2.40513  3.72494  3.29354  2.67741  2.69355  4.24690  2.90347  2.73739  3.18146  2.89801  2.37887  2.77519  2.98518  4.58477  3.61503
          0.00699  5.36216  6.08451  0.61958  0.77255  0.70220  0.68418
    112   3.09585  4.56611  4.58279  3.99454  2.50270  4.20212  3.74698  2.16287  2.40972  1.79823  3.15856  3.22555  4.57132  2.96072  4.04341  3.36266  2.81039  2.02227  5.17805  3.50072    161 l - - -
          2.68618  4.42225  2.77519  2.73123  3.46354  2.40513  3.72494  3.29354  2.67741  2.69355  4.24690  2.90347  2.73739  3.18146  2.89801  2.37887  2.77519  2.98518  4.58477  3.61503
          0.00699  5.36216  6.08451  0.61958  0.77255  0.52669  0.89295
    113   2.86858  4.07475  5.01801  4.40819  2.74658  4.29132  4.62182  1.64652  2.91684  1.52351  3.63161  4.42878  4.65516  4.35536  3.04214  3.59970  3.23792  1.86435  5.13783  3.96010    162 l - - -
          2.68618  4.42225  2.77519  2.73123  3.46354  2.40513  3.72494  3.29354  2.67741  2.69355  4.24690  2.90347  2.73739  3.18146  2.89801  2.37887  2.77519  2.98518  4.58477  3.61503
          0.00726  5.32511  6.04745  0.61958  0.77255  0.60231  0.79307
    114   3.08191  3.73061  5.01205  4.39902  2.86842  3.84488  4.57937  2.00072  3.45506  1.69873  3.17635  4.39895  4.61160  3.00465  3.95481  3.42979  2.53291  1.75879  3.81141  3.37695    163 l - - -
          2.68618  4.42225  2.77519  2.73123  3.46354  2.40513  3.72494  3.29354  2.67741  2.69355  4.24690  2.90347  2.73739  3.18146  2.89801  2.37887  2.77519  2.98518  4.58477  3.61503
          0.00726  5.32511  6.04745  0.61958  0.77255  0.60231  0.79307
    115   2.38738  5.03386  3.46531  3.03779  3.52921  3.92772  3.98946  3.46632  2.30887  2.22611  4.12052  2.95389  4.31388  3.35587  2.10773  2.55640  3.16066  3.22868  3.65252  2.37871    164 r - - -
          2.68618  4.42225  2.77519  2.73123  3.46354  2.40513  3.72494  3.29354  2.67741  2.69355  4.24690  2.90347  2.73739  3.18146  2.89801  2.37887  2.77519  2.98518  4.58477  3.61503
          0.00726  5.32511  6.04745  0.61958  0.77255  0.60231  0.79307
    116   3.03886  5.11939  3.61681  2.51997  3.57266  3.97242  4.24791  3.39413  3.09945  3.38795  4.24826  3.60130  0.84724  3.46035  3.25823  3.13184  3.37966  3.44992  5.68763  4.39842    165 p - - -
          2.68618  4.42225  2.77519  2.73123  3.46354  2.40513  3.72494  3.29354  2.67741  2.69355  4.24690  2.90347  2.73739  3.18146  2.89801  2.37887  2.77519  2.98518  4.58477  3.61503
          0.01479  5.32511  4.62424  0.61958  0.77255  0.60231  0.79307
    117   2.79437  4.47709  4.88441  2.99073  2.17351  3.16393  4.20710  1.95358  4.09769  1.69849  3.59508  4.06379  4.59377  4.25811  4.16095  3.53281  3.20568  1.73087  5.09672  3.91684    166 l - - -
          2.68618  4.42225  2.77519  2.73123  3.46354  2.40513  3.72494  3.29354  2.67741  2.69355  4.24690  2.90347  2.73739  3.18146  2.89801  2.37887  2.77519  2.98518  4.58477  3.61503
          0.00731  5.31763  6.03998  0.61958  0.77255  0.62785  0.76301
    118   3.02703  5.38064  3.34424  2.20841  4.66656  3.82696  4.02056  2.97568  1.86986  3.00629  3.53480  2.83494  4.21858  2.42668  2.02606  3.02225  3.25805  2.86875  3.91418  4.47895    167 k - - -
          2.68618  4.42225  2.77519  2.73123  3.46354  2.40513  3.72494  3.29354  2.67741  2.69355  4.24690  2.90347  2.73739  3.18146  2.89801  2.37887  2.77519  2.98518  4.58477  3.61503
          0.00731  5.31763  6.03998  0.61958  0.77255  0.62785  0.76301
    119   2.68235  4.33036  4.08197  2.73800  2.45234  2.89127  3.77397  2.56715  2.61667  2.13950  3.39526  3.44618  4.45053  3.57261  2.66732  3.20916  3.10875  2.54831  3.35781  3.43808    168 l - - -
          2.68618  4.42225  2.77519  2.73123  3.46354  2.40513  3.72494  3.29354  2.67741  2.69355  4.24690  2.90347  2.73739  3.18146  2.89801  2.37887  2.77519  2.98518  4.58477  3.61503
          0.00731  5.31763  6.03998  0.61958  0.77255  0.62785  0.76301
    120   2.64556  3.17892  4.96448  4.35444  3.16987  3.59151  4.20350  1.79143  2.87285  1.45583  3.58327  4.37566  4.60335  4.30205  4.19175  3.54687  2.96589  1.95928  5.08574  3.90794    169 l - - -
          2.68618  4.42225  2.77519  2.73123  3.46354  2.40513  3.72494  3.29354  2.67741  2.69355  4.24690  2.90347  2.73739  3.18146  2.89801  2.37887  2.77519  2.98518  4.58477  3.61503
          0.00731  5.31763  6.03998  0.61958  0.77255  0.62785  0.76301
    121   2.77607  3.80727  4.93598  4.32763  2.11367  3.58049  4.56225  2.25153  3.00390  1.97045  3.58634  4.36178  4.59903  2.99158  3.79868  3.54095  3.17968  2.15644  3.01487  2.48521    170 l - - -
          2.68618  4.42225  2.77519  2.73123  3.46354  2.40513  3.72494  3.29354  2.67741  2.69355  4.24690  2.90347  2.73739  3.18146  2.89801  2.37887  2.77519  2.98518  4.58477  3.61503
          0.00731  5.31763  6.03998  0.61958  0.77255  0.62785  0.76301
    122   2.70407  3.51825  3.36066  2.73605  4.26588  3.51751  2.93278  3.86552  1.96165  3.02863  3.66294  2.94522  4.22417  2.52361  2.10281  2.80217  3.05486  2.90144  5.82120  3.32224    171 k - - -
          2.68629  4.42236  2.77530  2.73134  3.46364  2.40523  3.72505  3.29365  2.67751  2.69259  4.24700  2.90357  2.73750  3.18157  2.89746  2.37897  2.77530  2.98529  4.58488  3.61514
          0.07329  2.68399  6.03998  0.97671  0.47248  0.58169  0.81861
    123   2.87195  3.77746  4.47023  2.88056  2.81265  3.90030  4.46197  2.44015  2.32502  1.74634  3.15178  3.06827  3.76632  4.00646  3.97787  2.85045  3.20529  2.14499  3.99510  3.98226    175 l - - -
          2.68618  4.42225  2.77519  2.73123  3.46354  2.40513  3.72494  3.29354  2.67741  2.69355  4.24690  2.90347  2.73739  3.18146  2.89801  2.37887  2.77519  2.98518  4.58477  3.61503
          0.03001  5.31758  3.70261  0.61958  0.77255  0.60231  0.79307
    124   2.78328  4.21193  4.90264  4.29619  3.19275  4.00601  4.55108  1.52392  3.47429  1.53952  3.58131  4.34265  4.58860  2.97527  4.16325  3.52961  2.93029  1.94808  5.08506  3.90587    176 i - - -
          2.68618  4.42225  2.77519  2.73123  3.46354  2.40513  3.72494  3.29354  2.67741  2.69355  4.24690  2.90347  2.73739  3.18146  2.89801  2.37887  2.77519  2.98518  4.58477  3.61503
          0.00748  5.29505  6.01740  0.61958  0.77255  0.67631  0.71027
    125   2.48838  4.64317  4.17015  3.59579  3.32341  3.23037  4.36216  2.23940  2.11422  2.32100  3.75273  3.69616  4.46136  3.79436  2.82775  2.82263  2.36998  2.42680  3.53219  3.25096    177 k - - -
          2.68618  4.42225  2.77519  2.73123  3.46354  2.40513  3.72494  3.29354  2.67741  2.69355  4.24690  2.90347  2.73739  3.18146  2.89801  2.37887  2.77519  2.98518  4.58477  3.61503
          0.06249  5.28749  2.89104  0.61958  0.77255  0.67631  0.71027
    126   2.23006  5.23415  3.23945  2.68223  4.13886  2.77995  3.32689  3.01079  2.23070  3.25234  3.75286  3.32640  4.19781  2.57235  2.70331  2.70506  3.00698  2.28052  5.72722  3.48221    178 a - - -
          2.68618  4.42225  2.77519  2.73123  3.46354  2.40513  3.72494  3.29354  2.67741  2.69355  4.24690  2.90347  2.73739  3.18146  2.89801  2.37887  2.77519  2.98518  4.58477  3.61503
          0.02962  5.22296  3.73847  0.61958  0.77255  0.82891  0.57363
    127   3.00083  4.67870  3.95185  3.38146  3.81006  3.99788  4.25712  2.84567  1.81192  1.53155  3.56358  3.57273  2.49096  3.61838  3.64977  3.07545  3.10128  2.41374  5.26713  4.04112    179 l - - -
          2.68618  4.42225  2.77519  2.73123  3.46354  2.40513  3.72494  3.29354  2.67741  2.69355  4.24690  2.90347  2.73739  3.18146  2.89801  2.37887  2.77519  2.98518  4.58477  3.61503
          0.05838  5.19203  2.97310  0.61958  0.77255  0.88050  0.53542
    128   2.11117  3.91008  4.73866  2.88260  2.62469  3.85923  4.44658  2.43376  3.96412  1.51997  3.50545  4.21700  4.49009  4.13312  4.04400  2.86204  3.00570  2.13755  5.00624  3.15590    180 l - - -
          2.68618  4.42225  2.77519  2.73123  3.46354  2.40513  3.72494  3.29354  2.67741  2.69355  4.24690  2.90347  2.73739  3.18146  2.89801  2.37887  2.77519  2.98518  4.58477  3.61503
          0.12868  5.14238  2.16366  0.61958  0.77255  0.98624  0.46677
    129   2.89788  4.84072  3.49845  2.93695  3.79311  2.13585  3.66724  2.82918  2.23144  2.54203  2.95610  3.20202  4.18244  3.24712  2.53438  2.79455  2.68232  2.72295  5.38980  4.11162    181 g - - -
          2.68618  4.42225  2.77519  2.73123  3.46354  2.40513  3.72494  3.29354  2.67741  2.69355  4.24690  2.90347  2.73739  3.18146  2.89801  2.37887  2.77519  2.98518  4.58477  3.61503
          0.00983  5.02352  5.74586  0.61958  0.77255  0.94936  0.48937
    130   2.94455  4.37321  4.60682  4.00995  1.72058  3.47176  4.39318  2.42074  2.58478  2.11712  3.04311  4.13425  4.44398  4.04240  2.86559  3.37400  2.92389  2.45479  3.48559  3.09742    182 f - - -
          2.68618  4.42225  2.77519  2.73123  3.46354  2.40513  3.72494  3.29354  2.67741  2.69355  4.24690  2.90347  2.73739  3.18146  2.89801  2.37887  2.77519  2.98518  4.58477  3.61503
          0.00929  5.07881  5.80116  0.61958  0.77255  0.63568  0.75412
    131   2.66108  3.35606  4.32264  2.58357  3.62437  2.85704  4.36874  1.93559  3.64227  1.88057  3.27627  4.00192  3.44432  3.60700  3.56666  3.22549  2.58487  2.27830  5.12273  3.92408    183 l - - -
          2.68632  4.42239  2.77534  2.73137  3.46368  2.40502  3.72509  3.29368  2.67721  2.69356  4.24704  2.90361  2.73741  3.18130  2.89771  2.37901  2.77534  2.98470  4.58491  3.61474
          0.17965  1.90142  4.19458  0.68048  0.70598  0.88144  0.53475
    132   2.39921  3.64080  4.53500  3.72028  2.00435  2.58412  4.41794  2.77127  3.22987  2.39508  3.17568  4.12078  4.47826  2.86820  3.62295  3.28296  2.94730  2.22511  3.00980  3.43472    187 f - - -
          2.68618  4.42225  2.77519  2.73123  3.46354  2.40513  3.72494  3.29354  2.67741  2.69355  4.24690  2.90347  2.73739  3.18146  2.89801  2.37887  2.77519  2.98518  4.58477  3.61503
          0.04703  5.17917  3.21109  0.61958  0.77255  0.90950  0.51538
    133   2.51896  5.42329  3.04244  2.63985  4.75829  2.85774  3.39454  3.98263  1.76423  3.72421  4.46671  2.48279  4.10805  3.00253  2.22254  2.59942  2.71774  2.84517  5.86204  4.45749    188 k - - -
          2.68618  4.42225  2.77519  2.73123  3.46354  2.40513  3.72494  3.29354  2.67741  2.69355  4.24690  2.90347  2.73739  3.18146  2.89801  2.37887  2.77519  2.98518  4.58477  3.61503
          0.00873  5.14087  5.86321  0.61958  0.77255  0.92276  0.50653
    134   2.47759  3.86661  3.94185  3.65009  3.07435  2.97245  4.32794  2.53966  2.21931  1.62014  3.63150  3.93710  4.41401  3.81346  2.73572  3.31362  2.97971  2.40973  4.43807  3.92069    189 l - - -
          2.68618  4.42225  2.77519  2.73123  3.46354  2.40513  3.72494  3.29354  2.67741  2.69355  4.24690  2.90347  2.73739  3.18146  2.89801  2.37887  2.77519  2.98518  4.58477  3.61503
          0.07351  5.14441  2.73273  0.61958  0.77255  0.77600  0.61664
    135   2.17554  3.57120  4.64596  4.04819  2.99380  3.35630  3.92168  2.10567  3.59865  1.78102  3.21554  4.16486  3.66787  4.07449  2.83604  3.39905  2.52021  2.21002  5.00801  3.82433    190 l - - -
          2.68618  4.42225  2.77519  2.73123  3.46354  2.40513  3.72494  3.29354  2.67741  2.69355  4.24690  2.90347  2.73739  3.18146  2.89801  2.37887  2.77519  2.98518  4.58477  3.61503
          0.02292  5.12083  4.09324  0.61958  0.77255  0.89486  0.52537
    136   2.20735  3.88684  4.68111  3.70477  3.25516  3.18802  4.42980  2.15312  3.10482  1.53167  3.23349  4.18514  4.47699  4.09717  3.27169  3.27620  2.92468  2.44663  3.56220  3.22471    191 l - - -
          2.68618  4.42225  2.77519  2.73123  3.46354  2.40513  3.72494  3.29354  2.67741  2.69355  4.24690  2.90347  2.73739  3.18146  2.89801  2.37887  2.77519  2.98518  4.58477  3.61503
          0.00882  5.13045  5.85280  0.61958  0.77255  0.99095  0.46398
    137   2.60127  5.15697  3.32855  2.67837  3.08638  2.90953  3.96893  3.66165  1.97914  3.03884  3.51248  3.29256  3.45796  2.94784  2.19203  2.32774  2.93946  3.49148  3.86891  3.89483    192 k - - -
          2.68618  4.42225  2.77519  2.73123  3.46354  2.40513  3.72494  3.29354  2.67741  2.69355  4.24690  2.90347  2.73739  3.18146  2.89801  2.37887  2.77519  2.98518  4.58477  3.61503
          0.00896  5.11564  5.83799  0.61958  0.77255  0.79883  0.59757
    138   2.97356  4.60031  4.02307  2.25488  2.86440  3.76499  4.26446  1.95838  3.01433  1.90436  3.70831  3.80562  3.71712  3.66745  3.26679  2.66937  2.79083  2.37491  5.19426  3.97699    193 l - - -
          2.68618  4.42225  2.77519  2.73123  3.46354  2.40513  3.72494  3.29354  2.67741  2.69355  4.24690  2.90347  2.73739  3.18146  2.89801  2.37887  2.77519  2.98518  4.58477  3.61503
          0.10002  5.15598  2.41442  0.61958  0.77255  0.90906  0.51568
    139   2.35133  4.08668  3.97787  2.45526  3.05722  2.31154  4.21923  2.75299  2.65795  2.26467  3.47696  3.76040  3.85682  3.62227  3.64908  3.20772  3.16010  2.26009  5.14893  2.75199    194 v - - -
          2.68618  4.42225  2.77519  2.73123  3.46354  2.40513  3.72494  3.29354  2.67741  2.69355  4.24690  2.90347  2.73739  3.18146  2.89801  2.37887  2.77519  2.98518  4.58477  3.61503
          0.00942  5.06538  5.78773  0.61958  0.77255  1.08045  0.41467
    140   2.78479  5.39729  3.16276  2.38034  4.73505  3.08376  3.86937  4.21500  1.95036  3.03091  4.44009  2.79407  4.07570  2.54911  1.89945  2.51239  2.82687  3.78405  5.83385  3.36637    195 r - - -
          2.68618  4.42225  2.77519  2.73123  3.46354  2.40513  3.72494  3.29354  2.67741  2.69355  4.24690  2.90347  2.73739  3.18146  2.89801  2.37887  2.77519  2.98518  4.58477  3.61503
          0.00942  5.06538  5.78773  0.61958  0.77255  1.08045  0.41467
    141   2.71224  4.41318  4.39470  3.80766  1.95417  3.66352  4.33973  1.86847  2.93656  2.20729  2.94677  3.22435  4.40683  2.79544  3.86969  3.32282  3.16753  2.33973  5.02441  3.83236    196 i - - -
          2.68618  4.42225  2.77519  2.73123  3.46354  2.40513  3.72494  3.29354  2.67741  2.69355  4.24690  2.90347  2.73739  3.18146  2.89801  2.37887  2.77519  2.98518  4.58477  3.61503
          0.00942  5.06538  5.78773  0.61958  0.77255  0.74400  0.64476
    142   2.49670  4.39855  4.69246  4.09299  3.07158  4.11986  4.43945  1.88458  3.92988  1.69481  3.32362  4.19535  3.84754  4.10759  2.35733  2.90809  2.86052  2.06898  5.01656  3.83392    197 l - - -
          2.68618  4.42225  2.77519  2.73123  3.46354  2.40513  3.72494  3.29354  2.67741  2.69355  4.24690  2.90347  2.73739  3.18146  2.89801  2.37887  2.77519  2.98518  4.58477  3.61503
          0.00871  5.14395  5.86630  0.61958  0.77255  0.84832  0.55885
    143   2.86199  3.86604  3.17058  3.23744  2.92682  3.38503  2.87665  2.86974  2.25091  1.90184  3.56482  3.51289  4.31809  3.50298  2.66023  2.94559  2.95704  2.80440  3.96126  3.50719    198 l - - -
          2.68618  4.42225  2.77519  2.73123  3.46354  2.40513  3.72494  3.29354  2.67741  2.69355  4.24690  2.90347  2.73739  3.18146  2.89801  2.37887  2.77519  2.98518  4.58477  3.61503
          0.01779  5.16082  4.43161  0.61958  0.77255  0.89853  0.52284
    144   2.48891  5.40474  3.23668  2.67745  4.72834  3.11345  3.73672  4.19450  1.78060  3.10769  4.45227  2.77376  4.13275  2.69696  1.64845  2.93434  3.18969  3.78408  4.45629  3.88875    199 r - - -
          2.68618  4.42225  2.77519  2.73123  3.46354  2.40513  3.72494  3.29354  2.67741  2.69355  4.24690  2.90347  2.73739  3.18146  2.89801  2.37887  2.77519  2.98518  4.58477  3.61503
          0.06315  5.15167  2.89312  0.61958  0.77255  0.91830  0.50949
    145   2.65076  3.77454  3.98110  2.62866  3.70032  3.96269  3.63343  1.83282  2.98850  1.83192  3.46489  3.47600  4.33901  2.76937  3.65721  3.21961  2.92405  2.37868  5.16990  3.95158    200 l - - -
          2.68618  4.42225  2.77519  2.73123  3.46354  2.40513  3.72494  3.29354  2.67741  2.69355  4.24690  2.90347  2.73739  3.18146  2.89801  2.37887  2.77519  2.98518  4.58477  3.61503
          0.12039  5.09765  2.23200  0.61958  0.77255  1.02444  0.44472
    146   2.89670  4.38303  4.32485  2.71323  2.97155  3.73941  4.29354  2.12396  2.93416  1.72265  3.19362  3.96057  4.36331  3.85022  3.49084  3.05623  2.87549  1.86043  4.99340  3.79994    201 l - - -
          2.68646  4.42186  2.77548  2.73151  3.46337  2.40527  3.72502  3.29278  2.67748  2.69326  4.24650  2.90375  2.73768  3.18137  2.89781  2.37915  2.77534  2.98474  4.58043  3.61501
          0.33224  1.75591  2.20784  1.32150  0.31025  1.14994  0.38076
    147   2.67935  3.87523  3.29558  2.73609  4.16874  3.34327  3.89789  3.57215  1.57582  2.99566  3.34223  3.24382  4.07722  3.06852  2.42895  2.37941  3.06896  3.00274  5.47137  3.38488    207 k - - -
          2.68618  4.42225  2.77519  2.73123  3.46354  2.40513  3.72494  3.29354  2.67741  2.69355  4.24690  2.90347  2.73739  3.18146  2.89801  2.37887  2.77519  2.98518  4.58477  3.61503
          0.03069  4.88675  3.78651  0.61958  0.77255  1.32080  0.31050
    148   2.75794  4.71338  3.49512  2.93240  3.24730  3.75054  3.98240  2.78252  2.38557  2.39284  3.80721  3.08356  2.61999  2.51327  2.77078  2.97705  2.93207  2.82273  4.34141  2.87248    208 k - - -
          2.68620  4.42227  2.77521  2.73125  3.46299  2.40514  3.72496  3.29356  2.67742  2.69356  4.24691  2.90348  2.73741  3.18148  2.89802  2.37888  2.77521  2.98520  4.58478  3.61505
          0.13387  2.86871  2.68062  0.33670  1.25218  1.23188  0.34495
    149   2.56840  3.96431  3.73411  3.16565  3.05876  3.12198  4.06534  2.70327  2.19451  2.11667  3.43621  3.56095  3.75154  3.41364  2.42280  2.81448  3.05124  2.39165  5.10268  3.87250    210 l - - -
          2.68618  4.42225  2.77519  2.73123  3.46354  2.40513  3.72494  3.29354  2.67741  2.69355  4.24690  2.90347  2.73739  3.18146  2.89801  2.37887  2.77519  2.98518  4.58477  3.61503
          0.03661  4.83093  3.57671  0.61958  0.77255  0.85233  0.55586
    150   2.49908  3.57314  4.46091  2.74831  2.86193  3.54040  4.32092  2.59774  3.73157  1.60447  3.45727  3.47911  4.37886  3.93384  3.87670  3.10632  2.67597  2.42174  2.67765  3.53813    211 l - - -
          2.68618  4.42225  2.77519  2.73123  3.46354  2.40513  3.72494  3.29354  2.67741  2.69355  4.24690  2.90347  2.73739  3.18146  2.89801  2.37887  2.77519  2.98518  4.58477  3.61503
          0.01032  4.97484  5.69718  0.61958  0.77255  1.21478  0.35208
    151   2.38982  5.27432  3.15908  2.60267  4.17540  3.04063  3.58704  4.03687  1.79434  2.89170  4.32598  2.85674  4.05013  2.86579  2.59898  2.28031  2.53532  3.23368  5.73210  4.34734    212 k - - -
          2.68600  4.42256  2.77550  2.73154  3.46384  2.40533  3.72480  3.29347  2.67705  2.69340  4.24720  2.90377  2.73606  3.18147  2.89766  2.37917  2.77550  2.98549  4.58419  3.61534
          1.48616  0.26084  5.69718  0.04042  3.22860  1.13722  0.38671
    152   2.71680  4.42470  4.19297  2.67323  2.25908  3.97011  4.26022  2.46577  3.12055  1.94073  3.53733  3.88390  3.43806  3.76351  3.26634  2.80215  2.87294  2.30025  3.09214  3.83011    215 l - - -
          2.68618  4.42225  2.77519  2.73123  3.46354  2.40513  3.72494  3.29354  2.67741  2.69355  4.24690  2.90347  2.73739  3.18146  2.89801  2.37887  2.77519  2.98518  4.58477  3.61503
          0.01013  4.99272  5.71507  0.61958  0.77255  1.19056  0.36248
    153   2.49334  5.25613  3.17935  2.11882  4.04299  3.67052  3.86337  3.17952  1.70068  3.10503  3.78497  2.92701  4.06257  2.81154  2.31671  2.76765  3.10640  3.18629  5.71988  4.34173    216 k - - -
          2.68582  4.42186  2.77596  2.73200  3.46377  2.40558  3.72571  3.29253  2.67674  2.69292  4.24685  2.90357  2.73792  3.18136  2.89800  2.37932  2.77589  2.98551  4.56852  3.61580
          1.64080  0.21955  5.71507  0.84603  0.56057  1.11413  0.39779
    154   2.72537  4.38643  4.36461  3.77769  3.03341  2.48472  4.31161  1.95659  3.15406  1.64027  3.50099  3.98788  4.37894  2.76752  3.84096  3.29473  2.79081  2.46476  4.39703  3.80538    224 l - - -
          2.68621  4.42294  2.77589  2.73027  3.46397  2.40566  3.72564  3.29295  2.67535  2.69310  4.24712  2.90416  2.73792  3.18082  2.89705  2.37936  2.77582  2.98553  4.58546  3.61572
          1.51606  0.45542  1.92246  0.95723  0.48444  0.97399  0.47413
    155   2.77025  5.28321  3.11474  2.16151  3.85084  3.09659  3.53458  3.80250  1.99302  3.02648  3.62581  2.70632  2.66401  2.81962  2.67872  2.64798  2.83643  3.41339  5.73231  4.33819    238 k - - -
          2.68618  4.42225  2.77519  2.73123  3.46354  2.40513  3.72494  3.29354  2.67741  2.69355  4.24690  2.90347  2.73739  3.18146  2.89801  2.37887  2.77519  2.98518  4.58477  3.61503
          0.02448  4.90771  4.08683  0.61958  0.77255  1.05913  0.42581
    156   2.76987  4.73367  3.55497  2.40526  3.25450  3.32046  4.02992  2.37483  2.55421  2.11940  3.14674  2.92789  4.17914  2.93948  2.88714  2.92103  3.10199  2.47338  5.29525  4.03332    239 l - - -
          2.68618  4.42225  2.77519  2.73123  3.46354  2.40513  3.72494  3.29354  2.67741  2.69355  4.24690  2.90347  2.73739  3.18146  2.89801  2.37887  2.77519  2.98518  4.58477  3.61503
          0.10010  4.95762  2.42784  0.61958  0.77255  1.04986  0.43076
    157   2.85203  4.80563  3.44226  2.88089  3.54926  2.89544  3.97212  3.26749  2.17540  2.49751  3.89484  3.35992  3.53966  2.51092  2.95810  2.96820  2.83425  2.90017  2.39652  3.33039    240 k - - -
          2.68641  4.42277  2.77571  2.73175  3.46373  2.40552  3.72470  3.29341  2.67662  2.69301  4.24709  2.90388  2.73692  3.18172  2.89650  2.37931  2.77529  2.98515  4.58344  3.61555
          0.58076  0.82787  5.64131  1.11977  0.39505  0.63701  0.75263
    158   2.92471  5.41346  2.81059  2.18126  4.74940  3.70191  3.25108  3.42686  1.96874  2.87316  4.45652  2.38862  3.68970  2.91799  2.50773  2.64200  2.67630  3.19619  4.45857  4.44627    245 k - - -
          2.68659  4.42463  2.77625  2.73160  3.46266  2.40598  3.72491  3.29268  2.67325  2.69205  4.24895  2.90436  2.73784  3.18141  2.89747  2.38052  2.77612  2.98454  4.58379  3.61433
          1.28946  0.45030  2.44018  2.05881  0.13651  0.58638  0.81269
    159   2.70515  4.76421  3.69592  3.03400  2.62782  3.89406  3.74356  2.58169  2.40411  2.45100  3.57404  3.07086  3.27606  3.41507  2.04549  2.94609  2.94738  3.04654  4.26257  3.16594    269 r - - -
          2.68618  4.42225  2.77519  2.73123  3.46354  2.40513  3.72494  3.29354  2.67741  2.69355  4.24690  2.90347  2.73739  3.18146  2.89801  2.37887  2.77519  2.98518  4.58477  3.61503
          0.07939  5.12769  2.65377  0.61958  0.77255  0.46052  0.99684
    160   2.64633  4.65768  3.94807  2.87639  2.70215  3.23544  4.24832  2.65359  2.15519  2.24810  2.65874  3.75987  3.52607  3.47044  2.65855  3.23812  3.05169  2.60144  4.49865  3.33271    270 k - - -
          2.68628  4.42235  2.77529  2.73133  3.46364  2.40522  3.72504  3.29364  2.67741  2.69331  4.24699  2.90296  2.73749  3.18156  2.89810  2.37858  2.77529  2.98528  4.58487  3.61513
          0.26277  1.58027  3.68237  0.11042  2.25819  0.72507  0.66222
    161   2.54059  5.40927  2.99496  2.66832  4.73196  2.72459  3.31815  3.50191  2.10837  2.63147  4.12779  2.79440  4.12893  2.77049  2.30672  2.47731  2.66587  3.22870  5.85558  4.45855    272 k - - -
          2.68618  4.42225  2.77519  2.73123  3.46354  2.40513  3.72494  3.29354  2.67741  2.69355  4.24690  2.90347  2.73739  3.18146  2.89801  2.37887  2.77519  2.98518  4.58477  3.61503
          0.06193  5.17614  2.91135  0.61958  0.77255  0.54045  0.87344
    162   2.95873  3.34783  2.85312  2.66365  4.37071  3.14862  3.92567  4.24855  1.58492  3.26923  4.48293  2.44278  3.92861  2.60164  2.47778  2.65832  2.97934  3.44644  5.87924  3.83926    273 k - - -
          2.68618  4.42225  2.77519  2.73123  3.46354  2.40513  3.72494  3.29354  2.67741  2.69355  4.24690  2.90347  2.73739  3.18146  2.89801  2.37887  2.77519  2.98518  4.58477  3.61503
          0.04391  5.18872  3.28669  0.61958  0.77255  0.81143  0.58739
    163   2.35266  4.39170  4.75484  4.15196  2.65944  3.46143  4.45425  1.97034  2.51203  2.09921  2.74047  3.77005  4.49708  4.14473  3.81377  3.24132  3.04551  1.94930  4.46044  3.35719    274 v - - -
          2.68603  4.42230  2.77525  2.73129  3.46338  2.40503  3.72500  3.29359  2.67725  2.69360  4.24695  2.90352  2.73745  3.18152  2.89806  2.37892  2.77514  2.98524  4.58482  3.61508
          0.48135  3.01823  1.09912  0.83904  0.56585  0.48563  0.95532
    164   2.55687  5.18190  3.15095  2.33112  3.94860  3.63286  3.82714  3.10596  1.52674  3.46066  4.23917  3.12930  3.76347  2.83825  2.58957  2.40409  2.94072  3.53949  4.53174  4.01784    278 k - - -
          2.68620  4.42227  2.77522  2.73125  3.46356  2.40515  3.72497  3.29356  2.67726  2.69357  4.24692  2.90349  2.73742  3.18148  2.89782  2.37889  2.77522  2.98521  4.58479  3.61505
          0.07760  2.64518  5.60636  0.29485  1.36509  0.87095  0.54224
    165   2.80013  5.38942  2.89614  2.38698  4.73382  3.14428  3.33798  4.21920  1.70422  3.57660  4.43031  2.13995  3.28259  2.85645  2.51120  2.71966  2.89692  3.39418  5.82241  4.41201    280 k - - -
          2.68623  4.42230  2.77525  2.73129  3.46359  2.40518  3.72500  3.29359  2.67705  2.69319  4.24695  2.90352  2.73745  3.18152  2.89806  2.37892  2.77525  2.98524  4.58482  3.61508
          0.12189  3.21143  2.59759  1.05612  0.42741  1.14875  0.38131
    166   2.20159  4.63495  3.66482  3.09917  3.48535  3.82253  4.06843  2.69949  2.39210  2.49199  3.24735  2.90633  3.47789  3.37144  2.93396  2.95651  2.19800  2.91311  3.60971  3.18005    285 t - - -
          2.68643  4.42228  2.77550  2.73164  3.46338  2.40533  3.72493  3.29352  2.67639  2.69342  4.24738  2.90355  2.73725  3.18194  2.89758  2.37883  2.77560  2.98512  4.58200  3.61551
          0.66633  0.72789  5.65906  0.93708  0.49720  1.24822  0.33830
    167   2.51011  4.47248  3.73232  2.71978  2.55194  3.90084  4.17450  2.42169  2.63541  2.13859  3.40997  3.52197  3.29734  3.59739  3.18258  3.16229  3.10012  2.29046  3.36114  3.38290    290 l - - -
          2.68618  4.42225  2.77519  2.73123  3.46354  2.40513  3.72494  3.29354  2.67741  2.69355  4.24690  2.90347  2.73739  3.18146  2.89801  2.37887  2.77519  2.98518  4.58477  3.61503
          0.14584  4.91847  2.05263  0.61958  0.77255  1.05604  0.42745
    168   2.62609  5.27685  2.69310  2.35308  4.60275  3.30277  3.78330  3.50924  1.71012  3.41746  3.38790  2.97029  3.44108  2.80296  2.33777  2.70554  2.88494  3.65715  4.54412  4.32214    291 k - - -
          2.68609  4.42234  2.77529  2.73133  3.46363  2.40522  3.72504  3.29363  2.67713  2.69336  4.24699  2.90333  2.73749  3.18156  2.89764  2.37896  2.77529  2.98528  4.58486  3.61512
          0.33396  2.00748  1.89986  0.72716  0.66026  1.11589  0.39693
    169   2.78444  5.18628  3.07900  2.52201  4.48961  3.15869  3.76605  3.73901  2.03706  3.06464  3.92543  2.20217  3.96754  2.73605  2.29355  2.54017  2.70050  3.55435  5.64418  3.33773    295 k - - -
          2.68618  4.42225  2.77519  2.73123  3.46354  2.40513  3.72494  3.29354  2.67741  2.69355  4.24690  2.90347  2.73739  3.18146  2.89801  2.37887  2.77519  2.98518  4.58477  3.61503
          0.01288  4.75407  5.47642  0.61958  0.77255  1.41695  0.27767
    170   2.78761  4.52281  3.64249  2.78444  3.47526  3.76100  4.01183  2.57217  2.53433  2.49161  3.62519  2.79688  4.14075  3.33609  3.01566  3.00368  2.75526  2.45648  2.29549  3.19280    296 w - - -
          2.68618  4.42225  2.77519  2.73123  3.46354  2.40513  3.72494  3.29354  2.67741  2.69355  4.24690  2.90347  2.73739  3.18146  2.89801  2.37887  2.77519  2.98518  4.58477  3.61503
          0.01288  4.75407  5.47642  0.61958  0.77255  1.12266  0.39365
    171   2.82325  4.71493  3.47627  2.91352  2.21347  3.03364  3.96893  2.45631  2.32002  2.82676  3.80818  2.87625  4.12268  2.81026  2.82182  2.96456  2.75881  2.60238  5.27186  4.00438    297 f - - -
          2.68629  4.42254  2.77549  2.73143  3.46383  2.40498  3.72417  3.29332  2.67692  2.69378  4.24719  2.90306  2.73769  3.18112  2.89746  2.37916  2.77518  2.98548  4.58506  3.61516
          0.91547  0.59832  2.99699  0.44580  1.02251  0.27145  1.43664
    172   2.96639  5.47033  2.99882  2.20155  4.10635  3.74108  3.72523  3.88047  1.53577  3.57708  4.51173  2.57388  3.54690  3.02551  1.99718  2.68914  3.06727  3.61278  5.90454  4.49541    304 k - - -
          2.68785  4.42228  2.77534  2.72859  3.46583  2.40545  3.72722  3.29428  2.66764  2.69652  4.24657  2.90474  2.74033  3.18156  2.89237  2.38007  2.77735  2.98677  4.58348  3.61802
          1.70278  0.20111        *  2.27023  0.10902  0.00000        *
//
