HMMER3/f [3.1b1 | May 2013]
NAME  NOG.ENOG410XV43.meta_raw
LENG  94
ALPH  amino
RF    no
MM    no
CONS  yes
CS    no
MAP   yes
DATE  Sat Apr 18 13:22:44 2015
NSEQ  103
EFFN  1.392487
CKSUM 855827134
STATS LOCAL MSV       -9.3038  0.71834
STATS LOCAL VITERBI   -9.7357  0.71834
STATS LOCAL FORWARD   -4.5516  0.71834
HMM          A        C        D        E        F        G        H        I        K        L        M        N        P        Q        R        S        T        V        W        Y   
            m->m     m->i     m->d     i->m     i->i     d->m     d->d
  COMPO   2.72576  4.62243  3.04523  2.57925  3.50658  2.67782  3.74208  2.54158  2.68809  2.37522  3.51139  3.05907  3.46168  3.06552  2.98943  2.78831  2.89185  2.50786  5.01449  3.54380
          2.68634  4.42160  2.77528  2.73150  3.46332  2.40508  3.72513  3.29351  2.67735  2.69349  4.24420  2.90368  2.73749  3.18146  2.89822  2.37901  2.77528  2.98523  4.58485  3.61407
          0.38152  1.84325  1.83965  1.90395  0.16132  0.00000        *
      1   2.58331  4.06926  3.60027  3.14292  3.18308  3.56849  3.93574  2.66894  3.05200  2.42676  1.75493  3.36940  3.99479  3.35100  3.34139  2.68875  2.84491  2.46151  4.84442  3.59895     21 m - - -
          2.68582  4.42310  2.77558  2.73185  3.46421  2.40378  3.72595  3.29325  2.67553  2.69437  4.24676  2.90388  2.73819  3.18191  2.89621  2.37945  2.77576  2.98524  4.58585  3.61560
          0.67216  0.73101  4.83140  2.46574  0.08877  0.41961  1.07091
      2   2.60303  4.48429  3.29100  2.70601  3.64321  3.56565  3.71549  2.94951  2.64282  2.63071  2.44459  3.22549  3.70668  2.73912  2.70546  2.71988  2.86742  2.64626  3.28317  3.78869     60 m - - -
          2.68618  4.42225  2.77519  2.73123  3.46354  2.40513  3.72494  3.29354  2.67741  2.69355  4.24690  2.90347  2.73739  3.18146  2.89801  2.37887  2.77519  2.98518  4.58477  3.61503
          0.02031  4.30277  5.02512  0.61958  0.77255  0.47890  0.96617
      3   2.59027  5.12048  2.66373  2.02747  4.31844  3.15148  3.61997  3.92211  2.10517  3.31831  3.77596  2.88377  3.58486  2.65319  2.35313  2.53313  2.88376  3.50208  5.56282  4.16332     61 e - - -
          2.68618  4.42225  2.77519  2.73123  3.46354  2.40513  3.72494  3.29354  2.67741  2.69355  4.24690  2.90347  2.73739  3.18146  2.89801  2.37887  2.77519  2.98518  4.58477  3.61503
          0.01974  4.33058  5.05292  0.61958  0.77255  0.48169  0.96165
      4   2.40764  5.05876  2.84734  2.28902  4.25005  3.38691  3.54055  3.29157  2.05015  3.34603  3.78321  2.75692  3.67515  2.41183  2.62592  2.57641  2.83762  3.35505  5.51685  3.96851     62 k - - -
          2.68618  4.42225  2.77519  2.73123  3.46354  2.40513  3.72494  3.29354  2.67741  2.69355  4.24690  2.90347  2.73739  3.18146  2.89801  2.37887  2.77519  2.98518  4.58477  3.61503
          0.02296  4.34802  4.62924  0.61958  0.77255  0.48576  0.95510
      5   2.64248  4.90733  2.80536  2.11019  3.74677  3.40081  3.61778  3.33633  2.33103  3.01699  3.50125  2.80937  3.69393  2.77039  2.61824  2.60786  2.88725  3.22309  3.30347  4.05263     63 e - - -
          2.68618  4.42225  2.77519  2.73123  3.46354  2.40513  3.72494  3.29354  2.67741  2.69355  4.24690  2.90347  2.73739  3.18146  2.89801  2.37887  2.77519  2.98518  4.58477  3.61503
          0.01910  4.36356  5.08590  0.61958  0.77255  0.48259  0.96020
      6   2.66096  4.90886  3.00092  2.45757  3.84096  3.28791  3.43335  3.32865  2.03001  2.68527  3.87966  2.87729  3.87181  2.75826  2.60106  2.27073  2.83860  3.17139  5.40092  4.05539     64 k - - -
          2.68618  4.42225  2.77519  2.73123  3.46354  2.40513  3.72494  3.29354  2.67741  2.69355  4.24690  2.90347  2.73739  3.18146  2.89801  2.37887  2.77519  2.98518  4.58477  3.61503
          0.01890  4.37360  5.09595  0.61958  0.77255  0.48576  0.95510
      7   2.38022  5.12415  2.83557  2.05128  4.44967  3.27063  3.60369  3.72885  2.19873  3.36797  4.10242  2.76612  3.53020  2.35775  2.60729  2.58712  2.88042  3.44107  5.56845  3.74429     65 e - - -
          2.68618  4.42225  2.77519  2.73123  3.46354  2.40513  3.72494  3.29354  2.67741  2.69355  4.24690  2.90347  2.73739  3.18146  2.89801  2.37887  2.77519  2.98518  4.58477  3.61503
          0.02241  4.37360  4.65063  0.61958  0.77255  0.48576  0.95510
      8   2.67254  5.12009  2.90216  2.33588  4.37286  2.84377  3.50285  3.91048  1.86032  3.38662  4.03141  2.77906  3.84510  2.61171  2.60409  2.31596  2.71584  3.49913  5.56419  4.17197     66 k - - -
          2.68618  4.42225  2.77519  2.73123  3.46354  2.40513  3.72494  3.29354  2.67741  2.69355  4.24690  2.90347  2.73739  3.18146  2.89801  2.37887  2.77519  2.98518  4.58477  3.61503
          0.01882  4.37817  5.10052  0.61958  0.77255  0.49093  0.94690
      9   2.58931  4.12862  3.66431  3.50937  2.54110  3.64499  4.04939  2.31164  3.31483  1.70367  2.92923  3.63773  3.92440  3.61413  3.45283  2.90173  2.76970  2.35429  4.26798  3.54678     67 l - - -
          2.68618  4.42225  2.77519  2.73123  3.46354  2.40513  3.72494  3.29354  2.67741  2.69355  4.24690  2.90347  2.73739  3.18146  2.89801  2.37887  2.77519  2.98518  4.58477  3.61503
          0.01882  4.37817  5.10052  0.61958  0.77255  0.49093  0.94690
     10   2.70658  5.12745  3.03390  2.19633  4.45644  3.32082  3.65822  3.81552  1.73457  3.00687  4.02750  2.91037  3.89251  2.68031  2.15199  2.71425  2.91908  3.51096  5.55308  4.19521     68 k - - -
          2.68618  4.42225  2.77519  2.73123  3.46354  2.40513  3.72494  3.29354  2.67741  2.69355  4.24690  2.90347  2.73739  3.18146  2.89801  2.37887  2.77519  2.98518  4.58477  3.61503
          0.01882  4.37817  5.10052  0.61958  0.77255  0.49093  0.94690
     11   2.61701  5.16633  2.56979  1.93135  4.50536  3.41400  3.52819  3.86404  2.15116  3.42077  4.20926  2.53338  3.79390  2.53956  2.53318  2.60549  2.85054  3.52854  5.60148  4.09536     69 e - - -
          2.68618  4.42225  2.77519  2.73123  3.46354  2.40513  3.72494  3.29354  2.67741  2.69355  4.24690  2.90347  2.73739  3.18146  2.89801  2.37887  2.77519  2.98518  4.58477  3.61503
          0.01882  4.37817  5.10052  0.61958  0.77255  0.48255  0.96026
     12   2.62575  4.99187  3.00519  2.37593  4.15149  3.41913  3.66587  3.59538  1.95632  3.15959  3.94422  2.85303  3.86558  2.53739  2.47365  2.37060  2.83403  3.34599  3.58397  4.10425     70 k - - -
          2.68618  4.42225  2.77519  2.73123  3.46354  2.40513  3.72494  3.29354  2.67741  2.69355  4.24690  2.90347  2.73739  3.18146  2.89801  2.37887  2.77519  2.98518  4.58477  3.61503
          0.01875  4.38159  5.10393  0.61958  0.77255  0.48576  0.95510
     13   2.60421  4.23008  4.65245  4.05641  2.50399  4.04163  4.37516  2.05407  3.88953  1.55016  2.53898  4.14368  4.37443  4.03486  3.95906  3.35414  2.88796  1.93047  4.87424  3.71652     71 l - - -
          2.68618  4.42225  2.77519  2.73123  3.46354  2.40513  3.72494  3.29354  2.67741  2.69355  4.24690  2.90347  2.73739  3.18146  2.89801  2.37887  2.77519  2.98518  4.58477  3.61503
          0.01871  4.38368  5.10603  0.61958  0.77255  0.48576  0.95510
     14   1.49047  4.21660  3.54929  3.00528  3.74906  3.32909  3.98021  3.03430  2.96227  2.71601  3.69514  3.37439  3.97190  3.19502  3.32747  2.49025  2.29235  2.60843  5.16741  3.92806     72 a - - -
          2.68618  4.42225  2.77519  2.73123  3.46354  2.40513  3.72494  3.29354  2.67741  2.69355  4.24690  2.90347  2.73739  3.18146  2.89801  2.37887  2.77519  2.98518  4.58477  3.61503
          0.01871  4.38368  5.10603  0.61958  0.77255  0.48576  0.95510
     15   2.47493  4.99370  2.55782  1.85886  4.47870  2.84336  3.60144  3.95434  2.29027  3.18876  4.19614  2.71517  3.84225  2.68037  2.78680  2.50542  2.90755  3.53205  5.59203  4.18911     73 e - - -
          2.68618  4.42225  2.77519  2.73123  3.46354  2.40513  3.72494  3.29354  2.67741  2.69355  4.24690  2.90347  2.73739  3.18146  2.89801  2.37887  2.77519  2.98518  4.58477  3.61503
          0.01871  4.38368  5.10603  0.61958  0.77255  0.48576  0.95510
     16   1.88534  4.24177  3.78442  3.20960  3.08748  3.69206  3.90739  2.59919  2.88791  2.05756  2.92235  3.42808  4.06671  3.26992  3.41804  2.86415  2.71901  2.43549  4.60468  3.58937     74 a - - -
          2.68618  4.42225  2.77519  2.73123  3.46354  2.40513  3.72494  3.29354  2.67741  2.69355  4.24690  2.90347  2.73739  3.18146  2.89801  2.37887  2.77519  2.98518  4.58477  3.61503
          0.01871  4.38368  5.10603  0.61958  0.77255  0.48576  0.95510
     17   2.30129  3.97706  4.14832  3.56290  2.79953  3.78265  4.09444  2.48031  3.44274  1.57529  2.97843  3.76963  4.15215  3.66159  3.62254  2.48018  2.88987  2.33959  4.77096  3.58077     75 l - - -
          2.68618  4.42225  2.77519  2.73123  3.46354  2.40513  3.72494  3.29354  2.67741  2.69355  4.24690  2.90347  2.73739  3.18146  2.89801  2.37887  2.77519  2.98518  4.58477  3.61503
          0.01871  4.38368  5.10603  0.61958  0.77255  0.48576  0.95510
     18   2.96097  5.54861  1.90040  1.37770  4.85704  3.27513  3.82893  4.37058  2.69181  3.83883  4.62640  2.37231  3.96263  2.61101  3.27878  2.70386  3.22106  3.92456  5.97872  4.50196     76 e - - -
          2.68618  4.42225  2.77519  2.73123  3.46354  2.40513  3.72494  3.29354  2.67741  2.69355  4.24690  2.90347  2.73739  3.18146  2.89801  2.37887  2.77519  2.98518  4.58477  3.61503
          0.01871  4.38368  5.10603  0.61958  0.77255  0.48576  0.95510
     19   3.56971  4.83880  5.38131  4.79260  2.73108  4.87114  5.14855  2.03073  4.65528  0.83592  2.04805  4.97885  4.98571  4.60886  4.65712  4.22713  3.77724  2.52788  5.29710  4.29007     77 l - - -
          2.68618  4.42225  2.77519  2.73123  3.46354  2.40513  3.72494  3.29354  2.67741  2.69355  4.24690  2.90347  2.73739  3.18146  2.89801  2.37887  2.77519  2.98518  4.58477  3.61503
          0.01871  4.38368  5.10603  0.61958  0.77255  0.48576  0.95510
     20   2.73478  4.65004  3.57383  3.45907  4.64538  3.34470  4.61155  4.20512  3.58031  3.87980  4.79969  3.67050  0.63595  3.93129  3.84402  2.69484  3.23551  3.67682  5.95963  4.72861     78 P - - -
          2.68618  4.42225  2.77519  2.73123  3.46354  2.40513  3.72494  3.29354  2.67741  2.69355  4.24690  2.90347  2.73739  3.18146  2.89801  2.37887  2.77519  2.98518  4.58477  3.61503
          0.01871  4.38368  5.10603  0.61958  0.77255  0.48576  0.95510
     21   2.60311  5.16160  2.99054  2.39150  4.50232  3.19390  3.65316  3.96082  1.71964  3.45098  4.21164  2.92183  3.39068  2.37871  2.30494  2.58727  2.95114  3.51584  5.58529  4.21195     79 k - - -
          2.68618  4.42225  2.77519  2.73123  3.46354  2.40513  3.72494  3.29354  2.67741  2.69355  4.24690  2.90347  2.73739  3.18146  2.89801  2.37887  2.77519  2.98518  4.58477  3.61503
          0.01871  4.38368  5.10603  0.61958  0.77255  0.48576  0.95510
     22   3.29384  5.96516  0.85147  1.70450  5.24171  3.42578  4.05217  4.80922  3.17277  4.27649  5.16782  2.88037  4.09660  3.23260  3.83705  3.13604  3.60263  4.35216  6.41012  4.84651     80 d - - -
          2.68618  4.42225  2.77519  2.73123  3.46354  2.40513  3.72494  3.29354  2.67741  2.69355  4.24690  2.90347  2.73739  3.18146  2.89801  2.37887  2.77519  2.98518  4.58477  3.61503
          0.01871  4.38368  5.10603  0.61958  0.77255  0.48576  0.95510
     23   2.40865  4.43804  4.85715  4.32189  3.72508  4.43242  4.93473  1.55024  4.21822  2.26422  3.57462  4.50453  4.76056  4.45924  4.39683  3.78369  3.22668  1.04513  5.50767  4.30407     81 v - - -
          2.68618  4.42225  2.77519  2.73123  3.46354  2.40513  3.72494  3.29354  2.67741  2.69355  4.24690  2.90347  2.73739  3.18146  2.89801  2.37887  2.77519  2.98518  4.58477  3.61503
          0.01871  4.38368  5.10603  0.61958  0.77255  0.48576  0.95510
     24   2.63712  4.34029  4.72394  4.15790  3.50203  4.24863  4.64486  1.79767  4.02915  2.02075  2.87842  4.31170  4.57527  4.23286  4.16687  3.45985  3.22781  1.15140  5.19826  4.01354     82 v - - -
          2.68618  4.42225  2.77519  2.73123  3.46354  2.40513  3.72494  3.29354  2.67741  2.69355  4.24690  2.90347  2.73739  3.18146  2.89801  2.37887  2.77519  2.98518  4.58477  3.61503
          0.01871  4.38368  5.10603  0.61958  0.77255  0.48576  0.95510
     25   2.55933  4.22042  3.89166  3.31260  3.10172  3.64033  4.00857  2.66359  3.21220  1.52582  2.79870  3.60965  4.09794  3.39114  2.87406  2.99827  2.71587  2.44641  4.82081  3.54209     83 l - - -
          2.68618  4.42225  2.77519  2.73123  3.46354  2.40513  3.72494  3.29354  2.67741  2.69355  4.24690  2.90347  2.73739  3.18146  2.89801  2.37887  2.77519  2.98518  4.58477  3.61503
          0.01871  4.38368  5.10603  0.61958  0.77255  0.48576  0.95510
     26   3.07449  5.66505  1.56377  2.17847  4.98149  1.96480  3.92055  4.50624  2.90411  3.98293  4.80476  1.84495  4.01233  3.07361  3.49654  2.96608  3.35660  4.05894  6.13588  4.62988     84 d - - -
          2.68618  4.42225  2.77519  2.73123  3.46354  2.40513  3.72494  3.29354  2.67741  2.69355  4.24690  2.90347  2.73739  3.18146  2.89801  2.37887  2.77519  2.98518  4.58477  3.61503
          0.01871  4.38368  5.10603  0.61958  0.77255  0.48576  0.95510
     27   2.33029  4.20546  3.98667  3.40564  3.29019  3.75899  3.96645  2.57712  3.22901  1.55790  2.57499  3.67528  4.12722  3.21488  3.52404  3.03694  2.91521  2.25575  4.80955  3.57467     85 l - - -
          2.68618  4.42225  2.77519  2.73123  3.46354  2.40513  3.72494  3.29354  2.67741  2.69355  4.24690  2.90347  2.73739  3.18146  2.89801  2.37887  2.77519  2.98518  4.58477  3.61503
          0.01871  4.38368  5.10603  0.61958  0.77255  0.48576  0.95510
     28   2.39013  3.95281  3.80829  3.42183  4.37210  3.20613  4.40274  3.75272  3.36152  3.32827  4.31699  3.56072  1.02018  3.68426  3.66194  2.15304  2.92208  3.27332  5.74175  4.52438     86 p - - -
          2.68618  4.42225  2.77519  2.73123  3.46354  2.40513  3.72494  3.29354  2.67741  2.69355  4.24690  2.90347  2.73739  3.18146  2.89801  2.37887  2.77519  2.98518  4.58477  3.61503
          0.01871  4.38368  5.10603  0.61958  0.77255  0.48576  0.95510
     29   2.79069  4.91957  3.25120  2.65403  4.17751  3.59958  3.58929  3.31581  1.97103  3.10938  3.99540  3.04785  3.97673  2.81473  1.81162  2.83415  3.00677  2.36077  5.38296  4.09785     87 r - - -
          2.68618  4.42225  2.77519  2.73123  3.46354  2.40513  3.72494  3.29354  2.67741  2.69355  4.24690  2.90347  2.73739  3.18146  2.89801  2.37887  2.77519  2.98518  4.58477  3.61503
          0.01871  4.38368  5.10603  0.61958  0.77255  0.48576  0.95510
     30   3.23425  4.59904  5.23786  4.70311  3.58994  4.76738  5.24661  1.14779  4.59315  1.49674  3.28573  4.87179  4.99334  4.74600  4.70527  4.14089  3.58216  1.53734  5.59473  4.46512     88 i - - -
          2.68618  4.42225  2.77519  2.73123  3.46354  2.40513  3.72494  3.29354  2.67741  2.69355  4.24690  2.90347  2.73739  3.18146  2.89801  2.37887  2.77519  2.98518  4.58477  3.61503
          0.01871  4.38368  5.10603  0.61958  0.77255  0.48576  0.95510
     31   2.66751  4.48312  3.40992  2.70770  3.65180  3.59921  3.71164  2.77068  2.76428  2.71185  3.52037  3.29130  3.99171  3.13458  3.17740  2.73581  1.58314  2.51601  5.06640  3.81531     89 t - - -
          2.68618  4.42225  2.77519  2.73123  3.46354  2.40513  3.72494  3.29354  2.67741  2.69355  4.24690  2.90347  2.73739  3.18146  2.89801  2.37887  2.77519  2.98518  4.58477  3.61503
          0.01871  4.38368  5.10603  0.61958  0.77255  0.48576  0.95510
     32   2.92735  4.38119  4.82941  4.23697  3.23083  4.24279  4.57450  1.85020  4.07576  1.43282  2.10120  4.34408  4.53780  4.19363  4.13857  3.56345  3.25568  1.83014  4.64619  3.88380     90 l - - -
          2.68618  4.42225  2.77519  2.73123  3.46354  2.40513  3.72494  3.29354  2.67741  2.69355  4.24690  2.90347  2.73739  3.18146  2.89801  2.37887  2.77519  2.98518  4.58477  3.61503
          0.01871  4.38368  5.10603  0.61958  0.77255  0.48576  0.95510
     33   2.91296  4.28762  4.63621  4.05450  3.26812  4.12536  4.47698  1.52091  3.91252  1.74415  3.06674  4.19160  4.45512  4.09043  4.02689  3.43982  2.45620  1.77860  5.01492  3.69729     91 i - - -
          2.68618  4.42225  2.77519  2.73123  3.46354  2.40513  3.72494  3.29354  2.67741  2.69355  4.24690  2.90347  2.73739  3.18146  2.89801  2.37887  2.77519  2.98518  4.58477  3.61503
          0.01871  4.38368  5.10603  0.61958  0.77255  0.48576  0.95510
     34   3.42413  5.11790  4.19855  4.17472  5.24938  0.24858  5.23113  5.00505  4.42285  4.57979  5.58080  4.36562  4.52071  4.70738  4.57326  3.61495  3.94305  4.43399  6.17850  5.37873     92 G - - -
          2.68618  4.42225  2.77519  2.73123  3.46354  2.40513  3.72494  3.29354  2.67741  2.69355  4.24690  2.90347  2.73739  3.18146  2.89801  2.37887  2.77519  2.98518  4.58477  3.61503
          0.01871  4.38368  5.10603  0.61958  0.77255  0.48576  0.95510
     35   2.64447  5.16247  2.59980  2.36680  4.49460  2.96099  3.27394  3.97244  2.32863  3.46170  4.20788  2.13087  3.57337  2.33994  2.70155  2.58242  2.87921  3.54641  5.60166  4.05491     93 n - - -
          2.68618  4.42225  2.77519  2.73123  3.46354  2.40513  3.72494  3.29354  2.67741  2.69355  4.24690  2.90347  2.73739  3.18146  2.89801  2.37887  2.77519  2.98518  4.58477  3.61503
          0.01871  4.38368  5.10603  0.61958  0.77255  0.48576  0.95510
     36   2.65604  4.26752  3.35764  2.71411  3.45403  2.82318  3.83551  2.75819  2.71036  2.07213  3.25048  2.98822  3.97855  2.91852  2.96632  2.69658  2.79007  2.69485  5.04499  3.50600     94 l - - -
          2.68618  4.42225  2.77519  2.73123  3.46354  2.40513  3.72494  3.29354  2.67741  2.69355  4.24690  2.90347  2.73739  3.18146  2.89801  2.37887  2.77519  2.98518  4.58477  3.61503
          0.01871  4.38368  5.10603  0.61958  0.77255  0.48576  0.95510
     37   2.74200  5.26307  2.54431  1.53758  4.59435  3.44652  3.01805  4.07711  2.39688  3.55845  4.31474  2.87178  3.88254  2.32982  2.79487  2.69591  2.99772  3.64787  5.69384  4.27932     95 e - - -
          2.68618  4.42225  2.77519  2.73123  3.46354  2.40513  3.72494  3.29354  2.67741  2.69355  4.24690  2.90347  2.73739  3.18146  2.89801  2.37887  2.77519  2.98518  4.58477  3.61503
          0.01871  4.38368  5.10603  0.61958  0.77255  0.48576  0.95510
     38   2.83382  4.19450  4.88374  4.30165  3.17107  4.29160  4.65565  1.60938  4.14788  1.46033  2.53634  4.40172  4.59084  4.28167  4.21681  3.61945  3.26994  1.76147  5.10156  3.95853     96 l - - -
          2.68618  4.42225  2.77519  2.73123  3.46354  2.40513  3.72494  3.29354  2.67741  2.69355  4.24690  2.90347  2.73739  3.18146  2.89801  2.37887  2.77519  2.98518  4.58477  3.61503
          0.01871  4.38368  5.10603  0.61958  0.77255  0.48576  0.95510
     39   2.64965  3.41060  4.12478  3.53712  2.93176  3.75391  3.81433  2.36900  3.41520  2.18318  3.23816  3.57116  4.12336  3.63323  3.47195  2.42368  2.65375  2.01347  4.73427  2.64791     97 v - - -
          2.68618  4.42225  2.77519  2.73123  3.46354  2.40513  3.72494  3.29354  2.67741  2.69355  4.24690  2.90347  2.73739  3.18146  2.89801  2.37887  2.77519  2.98518  4.58477  3.61503
          0.01871  4.38368  5.10603  0.61958  0.77255  0.48576  0.95510
     40   3.38000  4.61489  5.32842  4.81694  3.71012  4.87460  5.42602  1.11238  4.72165  1.73756  3.47929  4.99015  5.09306  4.90333  4.85219  4.26885  3.62817  1.27217  5.75842  4.60318     98 i - - -
          2.68618  4.42225  2.77519  2.73123  3.46354  2.40513  3.72494  3.29354  2.67741  2.69355  4.24690  2.90347  2.73739  3.18146  2.89801  2.37887  2.77519  2.98518  4.58477  3.61503
          0.01871  4.38368  5.10603  0.61958  0.77255  0.48576  0.95510
     41   3.09491  5.44708  2.52688  0.81087  4.73684  3.48780  3.98747  3.92691  2.88103  3.77901  4.67514  3.01500  4.07826  3.16250  3.36048  3.03891  3.38425  3.81435  5.95921  4.53253     99 e - - -
          2.68618  4.42225  2.77519  2.73123  3.46354  2.40513  3.72494  3.29354  2.67741  2.69355  4.24690  2.90347  2.73739  3.18146  2.89801  2.37887  2.77519  2.98518  4.58477  3.61503
          0.01871  4.38368  5.10603  0.61958  0.77255  0.48576  0.95510
     42   3.11248  5.25654  2.78981  2.70574  4.34483  3.51864  3.75116  4.35354  3.00778  3.87920  4.79789  0.75979  4.15679  3.36922  3.39331  3.11455  3.46147  3.94301  5.69417  4.21410    100 n - - -
          2.68618  4.42225  2.77519  2.73123  3.46354  2.40513  3.72494  3.29354  2.67741  2.69355  4.24690  2.90347  2.73739  3.18146  2.89801  2.37887  2.77519  2.98518  4.58477  3.61503
          0.01871  4.38368  5.10603  0.61958  0.77255  0.48576  0.95510
     43   3.73894  5.17669  4.37069  3.98233  2.14857  4.44087  1.20507  3.80173  3.83964  3.15015  4.33575  4.03552  4.77888  4.01980  4.03800  3.77505  3.95941  3.65528  3.89474  1.34122    101 h - - -
          2.68618  4.42225  2.77519  2.73123  3.46354  2.40513  3.72494  3.29354  2.67741  2.69355  4.24690  2.90347  2.73739  3.18146  2.89801  2.37887  2.77519  2.98518  4.58477  3.61503
          0.01871  4.38368  5.10603  0.61958  0.77255  0.48576  0.95510
     44   3.19925  5.01253  3.67346  2.93868  4.85182  3.84645  3.75382  4.18643  1.50461  3.60252  4.45091  3.34802  4.19139  2.70192  1.17026  3.06641  3.35731  3.85180  5.63338  4.46310    102 r - - -
          2.68618  4.42225  2.77519  2.73123  3.46354  2.40513  3.72494  3.29354  2.67741  2.69355  4.24690  2.90347  2.73739  3.18146  2.89801  2.37887  2.77519  2.98518  4.58477  3.61503
          0.01871  4.38368  5.10603  0.61958  0.77255  0.48576  0.95510
     45   3.42413  5.11790  4.19855  4.17472  5.24938  0.24858  5.23113  5.00505  4.42285  4.57979  5.58080  4.36562  4.52071  4.70738  4.57326  3.61495  3.94305  4.43399  6.17850  5.37873    103 G - - -
          2.68618  4.42225  2.77519  2.73123  3.46354  2.40513  3.72494  3.29354  2.67741  2.69355  4.24690  2.90347  2.73739  3.18146  2.89801  2.37887  2.77519  2.98518  4.58477  3.61503
          0.01871  4.38368  5.10603  0.61958  0.77255  0.48576  0.95510
     46   3.37800  4.61447  5.31859  4.80275  3.69816  4.86864  5.40859  1.02791  4.70717  1.81769  3.36593  4.97880  5.08487  4.88535  4.83732  4.25946  3.62474  1.34877  5.74345  4.59314    104 i - - -
          2.68618  4.42225  2.77519  2.73123  3.46354  2.40513  3.72494  3.29354  2.67741  2.69355  4.24690  2.90347  2.73739  3.18146  2.89801  2.37887  2.77519  2.98518  4.58477  3.61503
          0.01871  4.38368  5.10603  0.61958  0.77255  0.48576  0.95510
     47   2.76187  4.23760  4.44770  3.67555  3.31538  3.99654  4.33081  1.81815  3.71923  1.42974  3.14656  4.02956  4.34302  3.92451  3.72425  3.26482  3.00897  1.86067  4.92799  3.74989    105 l - - -
          2.68618  4.42225  2.77519  2.73123  3.46354  2.40513  3.72494  3.29354  2.67741  2.69355  4.24690  2.90347  2.73739  3.18146  2.89801  2.37887  2.77519  2.98518  4.58477  3.61503
          0.01871  4.38368  5.10603  0.61958  0.77255  0.48576  0.95510
     48   2.57483  4.66351  2.99997  1.75756  3.81143  3.38097  3.30885  3.54252  2.48805  2.62540  3.94964  3.01606  3.87992  2.78305  2.89882  2.52082  2.80389  3.07869  5.37931  4.04039    106 e - - -
          2.68618  4.42225  2.77519  2.73123  3.46354  2.40513  3.72494  3.29354  2.67741  2.69355  4.24690  2.90347  2.73739  3.18146  2.89801  2.37887  2.77519  2.98518  4.58477  3.61503
          0.01871  4.38368  5.10603  0.61958  0.77255  0.48576  0.95510
     49   4.25850  5.31685  5.16444  4.99478  1.20220  4.85472  3.65793  3.86733  4.80267  3.09053  4.42345  4.45480  5.13244  4.58587  4.69837  4.25335  4.46677  3.81420  3.75041  0.82175    107 y - - -
          2.68618  4.42225  2.77519  2.73123  3.46354  2.40513  3.72494  3.29354  2.67741  2.69355  4.24690  2.90347  2.73739  3.18146  2.89801  2.37887  2.77519  2.98518  4.58477  3.61503
          0.01871  4.38368  5.10603  0.61958  0.77255  0.48576  0.95510
     50   2.54014  5.04845  2.74263  2.26613  4.34269  2.96805  3.59788  3.62144  2.38044  3.30815  4.10681  2.87506  3.85669  2.74907  2.86834  2.22086  2.09770  3.41228  5.51611  4.13809    108 t - - -
          2.68618  4.42225  2.77519  2.73123  3.46354  2.40513  3.72494  3.29354  2.67741  2.69355  4.24690  2.90347  2.73739  3.18146  2.89801  2.37887  2.77519  2.98518  4.58477  3.61503
          0.01871  4.38368  5.10603  0.61958  0.77255  0.48576  0.95510
     51   2.66139  5.20151  2.04346  2.11045  4.52608  2.97891  3.58877  4.00404  2.44831  3.43214  4.25630  2.80143  2.69414  2.78639  2.90264  2.49317  2.81104  3.58286  5.64809  4.23734    109 d - - -
          2.68618  4.42225  2.77519  2.73123  3.46354  2.40513  3.72494  3.29354  2.67741  2.69355  4.24690  2.90347  2.73739  3.18146  2.89801  2.37887  2.77519  2.98518  4.58477  3.61503
          0.01871  4.38368  5.10603  0.61958  0.77255  0.48576  0.95510
     52   2.42800  5.15051  2.65400  1.97566  4.47996  2.83932  3.57794  3.83702  2.26949  3.39898  4.19625  2.70460  3.84123  2.57016  2.85125  2.52191  2.59347  3.53292  5.59210  4.18875    110 e - - -
          2.68618  4.42225  2.77519  2.73123  3.46354  2.40513  3.72494  3.29354  2.67741  2.69355  4.24690  2.90347  2.73739  3.18146  2.89801  2.37887  2.77519  2.98518  4.58477  3.61503
          0.01871  4.38368  5.10603  0.61958  0.77255  0.48576  0.95510
     53   2.61443  4.66312  3.20878  2.32388  3.48423  3.51550  3.76056  3.16966  2.54800  2.14933  3.61135  3.08639  3.92904  2.81201  2.36955  2.71503  2.84112  2.81419  5.20144  3.79078    111 l - - -
          2.68618  4.42225  2.77519  2.73123  3.46354  2.40513  3.72494  3.29354  2.67741  2.69355  4.24690  2.90347  2.73739  3.18146  2.89801  2.37887  2.77519  2.98518  4.58477  3.61503
          0.01871  4.38368  5.10603  0.61958  0.77255  0.48576  0.95510
     54   3.35950  4.59865  5.30262  4.78603  3.70721  4.84516  5.38471  1.34304  4.69000  1.75644  3.41113  4.95652  5.06896  4.87274  4.82041  4.23369  3.60667  1.06493  5.73350  4.57671    112 v - - -
          2.68618  4.42225  2.77519  2.73123  3.46354  2.40513  3.72494  3.29354  2.67741  2.69355  4.24690  2.90347  2.73739  3.18146  2.89801  2.37887  2.77519  2.98518  4.58477  3.61503
          0.01871  4.38368  5.10603  0.61958  0.77255  0.48576  0.95510
     55   2.77566  4.78603  3.12576  2.62023  4.20695  3.58006  3.67388  3.60285  2.05077  2.70395  4.01601  3.11406  3.96084  2.87021  1.60993  2.81018  2.94128  3.00187  5.40528  4.10858    113 r - - -
          2.68618  4.42225  2.77519  2.73123  3.46354  2.40513  3.72494  3.29354  2.67741  2.69355  4.24690  2.90347  2.73739  3.18146  2.89801  2.37887  2.77519  2.98518  4.58477  3.61503
          0.01871  4.38368  5.10603  0.61958  0.77255  0.48576  0.95510
     56   3.35718  4.59933  5.29590  4.77430  3.67442  4.83090  5.35348  1.34572  4.67527  1.68390  3.34876  4.94225  5.05291  4.84643  4.79790  4.21575  3.60255  1.11615  5.69665  4.54873    114 v - - -
          2.68618  4.42225  2.77519  2.73123  3.46354  2.40513  3.72494  3.29354  2.67741  2.69355  4.24690  2.90347  2.73739  3.18146  2.89801  2.37887  2.77519  2.98518  4.58477  3.61503
          0.01871  4.38368  5.10603  0.61958  0.77255  0.48576  0.95510
     57   2.36611  5.03440  2.95406  2.42514  4.32640  3.40868  3.65773  3.73292  2.30366  2.96006  3.93223  2.28375  3.85892  2.19533  2.66574  2.56921  2.90231  3.31950  5.49938  4.12791    115 q - - -
          2.68618  4.42225  2.77519  2.73123  3.46354  2.40513  3.72494  3.29354  2.67741  2.69355  4.24690  2.90347  2.73739  3.18146  2.89801  2.37887  2.77519  2.98518  4.58477  3.61503
          0.01871  4.38368  5.10603  0.61958  0.77255  0.48576  0.95510
     58   2.66416  4.27293  3.92339  3.35504  3.42263  3.75933  4.09585  2.48479  3.26907  2.00882  3.31558  3.65884  4.14963  3.54001  3.53844  2.70505  1.81666  1.98641  4.94009  3.73278    116 t - - -
          2.68618  4.42225  2.77519  2.73123  3.46354  2.40513  3.72494  3.29354  2.67741  2.69355  4.24690  2.90347  2.73739  3.18146  2.89801  2.37887  2.77519  2.98518  4.58477  3.61503
          0.01871  4.38368  5.10603  0.61958  0.77255  0.48576  0.95510
     59   2.60253  5.11024  2.94190  2.35178  4.42908  3.20394  3.59190  3.89119  1.82385  3.40294  4.16349  2.66687  2.95187  2.73050  2.75843  2.51652  2.52140  3.48790  5.56032  4.17345    117 k - - -
          2.68618  4.42225  2.77520  2.73123  3.46354  2.40513  3.72494  3.29354  2.67741  2.69355  4.24690  2.90344  2.73740  3.18146  2.89801  2.37887  2.77520  2.98518  4.58477  3.61503
          0.02611  3.92642  5.10603  0.57514  0.82697  0.48576  0.95510
     60   2.57413  4.40000  2.95461  2.38671  4.16351  2.77039  3.68362  2.76910  2.21449  3.17597  3.97801  2.78801  3.87346  2.57973  2.87634  2.42307  2.87654  3.00953  5.40407  3.99055    119 k - - -
          2.68618  4.42225  2.77519  2.73123  3.46354  2.40513  3.72494  3.29354  2.67741  2.69355  4.24690  2.90347  2.73739  3.18146  2.89801  2.37887  2.77519  2.98518  4.58477  3.61503
          0.01871  4.38368  5.10603  0.61958  0.77255  0.48576  0.95510
     61   2.73727  4.78379  2.98390  2.72489  4.41017  1.05054  4.07742  3.86505  2.84896  3.49864  4.35041  3.21225  3.99552  3.29268  3.33804  2.49975  3.10766  3.46150  5.71272  4.07100    120 g - - -
          2.68618  4.42225  2.77519  2.73123  3.46354  2.40513  3.72494  3.29354  2.67741  2.69355  4.24690  2.90347  2.73739  3.18146  2.89801  2.37887  2.77519  2.98518  4.58477  3.61503
          0.01871  4.38368  5.10603  0.61958  0.77255  0.48576  0.95510
     62   2.61867  4.94021  3.02053  2.28991  4.05857  3.43010  3.67648  3.12342  2.41668  3.06431  3.91178  2.90935  3.43824  2.03629  2.54758  2.64636  2.82516  3.12573  5.42644  3.85922    121 q - - -
          2.68618  4.42225  2.77519  2.73123  3.46354  2.40513  3.72494  3.29354  2.67741  2.69355  4.24690  2.90347  2.73739  3.18146  2.89801  2.37887  2.77519  2.98518  4.58477  3.61503
          0.01871  4.38368  5.10603  0.61958  0.77255  0.48576  0.95510
     63   3.22464  4.14412  5.06128  4.49498  3.40435  4.53953  4.92773  1.30196  4.35908  1.27178  3.06555  4.63833  4.79376  4.48385  4.44335  3.88404  3.45818  1.90217  5.31217  4.08992    122 l - - -
          2.68618  4.42225  2.77519  2.73123  3.46354  2.40513  3.72494  3.29354  2.67741  2.69355  4.24690  2.90347  2.73739  3.18146  2.89801  2.37887  2.77519  2.98518  4.58477  3.61503
          0.01871  4.38368  5.10603  0.61958  0.77255  0.48576  0.95510
     64   2.52952  4.86384  2.99606  2.10405  4.28707  3.41184  3.66294  3.27804  2.22333  2.90125  4.06383  2.95009  3.86252  2.53602  2.28184  2.56462  2.83058  3.24322  5.47611  4.11124    123 e - - -
          2.68618  4.42225  2.77519  2.73123  3.46354  2.40513  3.72494  3.29354  2.67741  2.69355  4.24690  2.90347  2.73739  3.18146  2.89801  2.37887  2.77519  2.98518  4.58477  3.61503
          0.01871  4.38368  5.10603  0.61958  0.77255  0.48576  0.95510
     65   3.34598  4.58633  5.29122  4.77589  3.51526  4.82980  5.36535  1.17323  4.68419  1.95517  3.49877  4.94124  5.05957  4.86869  4.81577  4.21702  3.59373  1.13017  5.72240  4.54999    124 v - - -
          2.68618  4.42225  2.77519  2.73123  3.46354  2.40513  3.72494  3.29354  2.67741  2.69355  4.24690  2.90347  2.73739  3.18146  2.89801  2.37887  2.77519  2.98518  4.58477  3.61503
          0.01871  4.38368  5.10603  0.61958  0.77255  0.48576  0.95510
     66   2.64251  5.05924  2.92135  2.24177  4.35927  3.09147  3.17115  3.63753  2.21578  3.27946  4.11235  2.90668  3.85000  2.69011  2.70431  2.39193  2.17992  3.39248  5.51938  3.91753    125 t - - -
          2.68618  4.42225  2.77519  2.73123  3.46354  2.40513  3.72494  3.29354  2.67741  2.69355  4.24690  2.90347  2.73739  3.18146  2.89801  2.37887  2.77519  2.98518  4.58477  3.61503
          0.01871  4.38368  5.10603  0.61958  0.77255  0.48576  0.95510
     67   3.42413  5.11790  4.19855  4.17472  5.24938  0.24858  5.23113  5.00505  4.42285  4.57979  5.58080  4.36562  4.52071  4.70738  4.57326  3.61495  3.94305  4.43399  6.17850  5.37873    126 G - - -
          2.68618  4.42225  2.77519  2.73123  3.46354  2.40513  3.72494  3.29354  2.67741  2.69355  4.24690  2.90347  2.73739  3.18146  2.89801  2.37887  2.77519  2.98518  4.58477  3.61503
          0.01871  4.38368  5.10603  0.61958  0.77255  0.48576  0.95510
     68   2.57709  5.16099  2.71446  2.20935  4.49643  3.45141  3.43494  3.97126  1.81158  3.45881  4.20613  2.88223  3.84776  2.66095  2.43835  2.48622  2.61393  3.54686  5.59593  4.19698    127 k - - -
          2.68618  4.42225  2.77519  2.73123  3.46354  2.40513  3.72494  3.29354  2.67741  2.69355  4.24690  2.90347  2.73739  3.18146  2.89801  2.37887  2.77519  2.98518  4.58477  3.61503
          0.01871  4.38368  5.10603  0.61958  0.77255  0.48576  0.95510
     69   2.66588  5.20340  2.45846  2.10250  4.54085  2.71412  3.49345  4.02516  2.18103  3.50475  4.24855  2.36486  3.84968  2.64355  2.67427  2.52834  2.92028  3.59042  5.63771  4.22492    128 e - - -
          2.68618  4.42225  2.77519  2.73123  3.46354  2.40513  3.72494  3.29354  2.67741  2.69355  4.24690  2.90347  2.73739  3.18146  2.89801  2.37887  2.77519  2.98518  4.58477  3.61503
          0.01871  4.38368  5.10603  0.61958  0.77255  0.48576  0.95510
     70   3.66112  4.92016  5.41576  4.83634  2.44556  4.96469  5.18050  2.24004  4.70295  0.66516  2.68634  5.04563  5.04820  4.64441  4.71098  4.32764  3.86513  2.62648  5.29110  4.23410    129 L - - -
          2.68618  4.42225  2.77519  2.73123  3.46354  2.40513  3.72494  3.29354  2.67741  2.69355  4.24690  2.90347  2.73739  3.18146  2.89801  2.37887  2.77519  2.98518  4.58477  3.61503
          0.01871  4.38368  5.10603  0.61958  0.77255  0.48576  0.95510
     71   2.37572  4.59477  3.26515  2.47033  3.67648  3.42325  3.78576  2.88137  2.68066  2.75450  3.68537  3.17897  3.94492  2.33338  3.02316  2.69190  2.75692  2.23154  5.14510  3.53153    130 v - - -
          2.68618  4.42225  2.77519  2.73123  3.46354  2.40513  3.72494  3.29354  2.67741  2.69355  4.24690  2.90347  2.73739  3.18146  2.89801  2.37887  2.77519  2.98518  4.58477  3.61503
          0.01871  4.38368  5.10603  0.61958  0.77255  0.48576  0.95510
     72   3.39744  4.63662  5.31554  4.79671  3.65961  4.87689  5.40087  0.93786  4.69638  1.77526  3.32724  4.98161  5.08578  4.86513  4.82430  4.26696  3.64276  1.52607  5.72190  4.58323    131 i - - -
          2.68618  4.42225  2.77519  2.73123  3.46354  2.40513  3.72494  3.29354  2.67741  2.69355  4.24690  2.90347  2.73739  3.18146  2.89801  2.37887  2.77519  2.98518  4.58477  3.61503
          0.01871  4.38368  5.10603  0.61958  0.77255  0.48576  0.95510
     73   2.39531  5.11588  2.91640  2.03523  4.43658  2.90439  3.57312  3.82028  2.04149  3.20025  4.16376  2.81336  3.84471  2.69403  2.51963  2.57211  2.85858  3.49352  5.56209  4.02403    132 e - - -
          2.68618  4.42225  2.77519  2.73123  3.46354  2.40513  3.72494  3.29354  2.67741  2.69355  4.24690  2.90347  2.73739  3.18146  2.89801  2.37887  2.77519  2.98518  4.58477  3.61503
          0.01871  4.38368  5.10603  0.61958  0.77255  0.48576  0.95510
     74   2.48744  4.80387  3.06394  2.31064  3.61598  3.50574  3.61597  3.43408  2.52957  3.05505  3.75152  2.82601  3.89463  2.84023  2.49072  2.56015  2.58099  3.10911  5.02105  2.64045    133 e - - -
          2.68618  4.42225  2.77519  2.73123  3.46354  2.40513  3.72494  3.29354  2.67741  2.69355  4.24690  2.90347  2.73739  3.18146  2.89801  2.37887  2.77519  2.98518  4.58477  3.61503
          0.01871  4.38368  5.10603  0.61958  0.77255  0.48576  0.95510
     75   2.94089  4.32423  4.63528  4.05007  3.08846  4.11643  4.38925  1.43462  3.89601  1.88163  2.61975  4.17407  4.43684  4.04787  3.99308  3.42770  3.17041  2.27731  4.86800  2.29248    134 i - - -
          2.68618  4.42225  2.77519  2.73123  3.46354  2.40513  3.72494  3.29354  2.67741  2.69355  4.24690  2.90347  2.73739  3.18146  2.89801  2.37887  2.77519  2.98518  4.58477  3.61503
          0.01871  4.38368  5.10603  0.61958  0.77255  0.48576  0.95510
     76   2.64263  4.65032  2.60189  2.63979  3.79092  3.28302  3.76405  3.11016  2.59145  2.25483  3.35435  3.08277  3.92971  2.84699  3.04473  2.72560  2.19852  2.91822  4.90127  3.81217    135 t - - -
          2.68618  4.42225  2.77519  2.73123  3.46354  2.40513  3.72494  3.29354  2.67741  2.69355  4.24690  2.90347  2.73739  3.18146  2.89801  2.37887  2.77519  2.98518  4.58477  3.61503
          0.01871  4.38368  5.10603  0.61958  0.77255  0.48576  0.95510
     77   2.52553  5.09222  2.88859  2.35942  4.40351  3.24112  3.58478  3.86548  2.34574  3.34860  4.14356  2.25436  2.87618  2.71790  2.55988  2.41582  2.66099  3.44112  5.54637  4.06500    136 n - - -
          2.68618  4.42225  2.77519  2.73123  3.46354  2.40513  3.72494  3.29354  2.67741  2.69355  4.24690  2.90347  2.73739  3.18146  2.89801  2.37887  2.77519  2.98518  4.58477  3.61503
          0.01871  4.38368  5.10603  0.61958  0.77255  0.48576  0.95510
     78   3.03003  5.63035  1.52558  1.35268  4.92710  3.42071  3.78283  4.44618  2.77750  3.91691  4.72270  2.78513  3.99139  2.90804  3.38655  2.75628  3.13359  4.00220  6.06324  4.57019    137 e - - -
          2.68618  4.42225  2.77519  2.73123  3.46354  2.40513  3.72494  3.29354  2.67741  2.69355  4.24690  2.90347  2.73739  3.18146  2.89801  2.37887  2.77519  2.98518  4.58477  3.61503
          0.01871  4.38368  5.10603  0.61958  0.77255  0.48576  0.95510
     79   2.66582  5.14719  2.72405  1.58811  4.46370  3.44817  3.58742  3.76357  2.41915  3.36719  4.19921  2.77960  3.85838  2.40968  2.90835  2.63703  2.61931  3.46437  5.59573  4.19775    138 e - - -
          2.68618  4.42225  2.77519  2.73123  3.46354  2.40513  3.72494  3.29354  2.67741  2.69355  4.24690  2.90347  2.73739  3.18146  2.89801  2.37887  2.77519  2.98518  4.58477  3.61503
          0.01871  4.38368  5.10603  0.61958  0.77255  0.48576  0.95510
     80   3.19130  4.58682  5.12924  4.55886  3.35341  4.60613  4.97916  1.47690  4.42294  1.40050  2.01044  4.70850  4.83456  4.51484  4.49079  3.95277  3.51935  1.88231  5.31530  4.22534    139 l - - -
          2.68618  4.42225  2.77519  2.73123  3.46354  2.40513  3.72494  3.29354  2.67741  2.69355  4.24690  2.90347  2.73739  3.18146  2.89801  2.37887  2.77519  2.98518  4.58477  3.61503
          0.01871  4.38368  5.10603  0.61958  0.77255  0.48576  0.95510
     81   2.59379  3.15031  3.83167  3.25525  3.25577  3.66016  3.98229  2.47084  2.32228  2.10126  2.93901  3.50511  4.07562  3.43811  3.25940  2.83106  2.64824  2.33175  4.58985  3.61541    140 l - - -
          2.68618  4.42225  2.77519  2.73123  3.46354  2.40513  3.72494  3.29354  2.67741  2.69355  4.24690  2.90347  2.73739  3.18146  2.89801  2.37887  2.77519  2.98518  4.58477  3.61503
          0.01871  4.38368  5.10603  0.61958  0.77255  0.48576  0.95510
     82   3.38433  4.62577  5.31780  4.79575  3.63279  4.85148  5.36460  1.23740  4.69278  1.49576  3.40603  4.96639  5.06366  4.84747  4.80643  4.23866  3.62857  1.33437  5.67984  4.54591    141 i - - -
          2.68618  4.42225  2.77519  2.73123  3.46354  2.40513  3.72494  3.29354  2.67741  2.69355  4.24690  2.90347  2.73739  3.18146  2.89801  2.37887  2.77519  2.98518  4.58477  3.61503
          0.01871  4.38368  5.10603  0.61958  0.77255  0.48576  0.95510
     83   2.63313  4.88108  2.88962  1.98048  4.38504  3.24411  3.58035  3.71927  2.35993  3.30744  4.12929  2.80319  3.84608  2.47074  2.71854  2.50310  2.28381  3.42500  5.53425  3.74880    142 e - - -
          2.68618  4.42225  2.77519  2.73123  3.46354  2.40513  3.72494  3.29354  2.67741  2.69355  4.24690  2.90347  2.73739  3.18146  2.89801  2.37887  2.77519  2.98518  4.58477  3.61503
          0.01871  4.38368  5.10603  0.61958  0.77255  0.48576  0.95510
     84   3.42413  5.11790  4.19855  4.17472  5.24938  0.24858  5.23113  5.00505  4.42285  4.57979  5.58080  4.36562  4.52071  4.70738  4.57326  3.61495  3.94305  4.43399  6.17850  5.37873    143 G - - -
          2.68618  4.42225  2.77519  2.73123  3.46354  2.40513  3.72494  3.29354  2.67741  2.69355  4.24690  2.90347  2.73739  3.18146  2.89801  2.37887  2.77519  2.98518  4.58477  3.61503
          0.01871  4.38368  5.10603  0.61958  0.77255  0.48576  0.95510
     85   2.65436  4.89524  2.91453  2.23839  4.44502  3.45306  3.31099  3.80758  2.01145  3.37442  4.10804  2.76196  3.84522  2.37794  2.30222  2.62463  2.69984  3.31128  5.56473  4.04752    144 k - - -
          2.68618  4.42225  2.77519  2.73123  3.46354  2.40513  3.72494  3.29354  2.67741  2.69355  4.24690  2.90347  2.73739  3.18146  2.89801  2.37887  2.77519  2.98518  4.58477  3.61503
          0.01871  4.38368  5.10603  0.61958  0.77255  0.48576  0.95510
     86   3.34458  4.59912  5.24402  4.71825  3.18182  4.78263  5.25902  0.92970  4.61658  1.97996  3.41704  4.88459  5.01235  4.77719  4.73654  4.16042  3.58881  1.51530  5.60535  4.43391    145 i - - -
          2.68618  4.42225  2.77519  2.73123  3.46354  2.40513  3.72494  3.29354  2.67741  2.69355  4.24690  2.90347  2.73739  3.18146  2.89801  2.37887  2.77519  2.98518  4.58477  3.61503
          0.01871  4.38368  5.10603  0.61958  0.77255  0.48576  0.95510
     87   2.64867  5.12439  2.70148  1.98216  4.37202  3.22813  3.08958  3.84583  2.18606  3.07273  4.07339  2.88103  3.83897  2.68244  2.64909  2.48243  2.63462  3.43031  5.56936  4.17155    146 e - - -
          2.68618  4.42225  2.77519  2.73123  3.46354  2.40513  3.72494  3.29354  2.67741  2.69355  4.24690  2.90347  2.73739  3.18146  2.89801  2.37887  2.77519  2.98518  4.58477  3.61503
          0.01871  4.38368  5.10603  0.61958  0.77255  0.48576  0.95510
     88   2.58349  4.80366  2.79223  2.29961  4.38698  3.05240  3.59189  3.77885  2.33697  3.33585  4.13148  2.81832  3.84651  2.33380  2.88329  2.00964  2.60778  3.40542  5.53640  4.04218    147 s - - -
          2.68618  4.42225  2.77519  2.73123  3.46354  2.40513  3.72494  3.29354  2.67741  2.69355  4.24690  2.90347  2.73739  3.18146  2.89801  2.37887  2.77519  2.98518  4.58477  3.61503
          0.01871  4.38368  5.10603  0.61958  0.77255  0.48576  0.95510
     89   3.39948  4.65307  5.29911  4.75575  3.49485  4.81708  5.26090  1.40087  4.64141  1.22694  3.13742  4.92673  5.01328  4.74668  4.72673  4.19061  3.63505  1.51996  5.54602  4.45181    148 l - - -
          2.68618  4.42225  2.77519  2.73123  3.46354  2.40513  3.72494  3.29354  2.67741  2.69355  4.24690  2.90347  2.73739  3.18146  2.89801  2.37887  2.77519  2.98518  4.58477  3.61503
          0.01871  4.38368  5.10603  0.61958  0.77255  0.48576  0.95510
     90   2.67355  5.10387  2.93460  1.75022  4.36382  3.45663  3.58634  3.70258  2.20500  3.28788  4.11397  2.82497  3.84908  2.64310  2.40591  2.53229  2.82470  3.33786  5.55168  4.05415    149 e - - -
          2.68618  4.42225  2.77519  2.73123  3.46354  2.40513  3.72494  3.29354  2.67741  2.69355  4.24690  2.90347  2.73739  3.18146  2.89801  2.37887  2.77519  2.98518  4.58477  3.61503
          0.01871  4.38368  5.10603  0.61958  0.77255  0.48576  0.95510
     91   3.44660  4.74355  4.84704  4.41670  1.42997  4.40586  3.80618  2.82337  4.24653  2.50810  3.63233  4.24245  4.72012  4.25039  4.26817  3.73808  3.66795  2.97052  3.69441  1.18045    150 y - - -
          2.68618  4.42225  2.77519  2.73123  3.46354  2.40513  3.72494  3.29354  2.67741  2.69355  4.24690  2.90347  2.73739  3.18146  2.89801  2.37887  2.77519  2.98518  4.58477  3.61503
          0.01871  4.38368  5.10603  0.61958  0.77255  0.48576  0.95510
     92   2.62279  3.98569  3.39833  2.37232  3.21501  3.44830  3.27927  2.63589  2.73885  2.09572  3.40741  3.29721  3.98794  2.90507  3.11685  2.79531  2.79809  2.60485  5.02011  3.77215    151 l - - -
          2.68618  4.42225  2.77519  2.73123  3.46354  2.40513  3.72494  3.29354  2.67741  2.69355  4.24690  2.90347  2.73739  3.18146  2.89801  2.37887  2.77519  2.98518  4.58477  3.61503
          0.05283  4.37361  3.24804  0.61958  0.77255  0.48576  0.95510
     93   2.63764  5.00406  2.69778  2.29294  3.78330  2.98821  3.12312  3.65111  2.23542  3.15304  3.42706  2.90785  3.01503  2.67201  2.78635  2.63391  2.85890  3.17819  5.47427  3.97406    152 k - - -
          2.68618  4.42225  2.77519  2.73123  3.46354  2.40513  3.72494  3.29354  2.67741  2.69355  4.24690  2.90347  2.73739  3.18146  2.89801  2.37887  2.77519  2.98518  4.58477  3.61503
          0.28973  4.23814  1.43926  0.61958  0.77255  0.53392  0.88263
     94   2.52719  4.79322  2.79767  2.20746  4.04363  3.04724  3.59879  3.46400  2.35714  3.00346  3.82158  2.80497  3.54215  2.71597  2.86366  2.50583  2.70261  2.72436  5.29779  3.95667    153 e - - -
          2.68599  4.42285  2.77559  2.73098  3.46368  2.40365  3.72542  3.29404  2.67756  2.69415  4.24750  2.90400  2.73739  3.18192  2.89679  2.37874  2.77548  2.98574  4.58523  3.61563
          0.48102  0.96273        *  2.22853  0.11394  0.00000        *
//
