HMMER3/f [3.1b1 | May 2013]
NAME  NOG.ENOG41121ZA.meta_raw
LENG  110
ALPH  amino
RF    no
MM    no
CONS  yes
CS    no
MAP   yes
DATE  Sat Apr 18 11:28:55 2015
NSEQ  54
EFFN  1.110718
CKSUM 830903022
STATS LOCAL MSV       -9.6785  0.71533
STATS LOCAL VITERBI  -10.2131  0.71533
STATS LOCAL FORWARD   -4.1901  0.71533
HMM          A        C        D        E        F        G        H        I        K        L        M        N        P        Q        R        S        T        V        W        Y   
            m->m     m->i     m->d     i->m     i->i     d->m     d->d
  COMPO   2.35850  4.43458  3.33235  2.94654  3.12077  2.52079  3.94586  2.48447  2.91216  2.25424  3.44403  3.34515  3.65194  3.21084  3.23650  2.72162  2.83112  2.45507  4.52267  3.70398
          2.68615  4.42366  2.77655  2.73205  3.46441  2.40636  3.72467  3.29373  2.67777  2.69191  4.24351  2.90478  2.73687  3.18147  2.89661  2.37836  2.77450  2.98589  4.58411  3.61287
          0.60899  1.33885  1.64015  3.39710  0.03404  0.00000        *
      1   2.60421  4.70913  3.03708  2.02805  3.93195  3.43721  3.63859  3.25584  2.39838  2.95386  2.76558  2.95468  3.71767  2.76563  2.66092  2.66323  2.80110  2.99799  5.22051  3.91427     69 e - - -
          2.68618  4.42225  2.77519  2.73123  3.46354  2.40513  3.72494  3.29354  2.67741  2.69355  4.24690  2.90347  2.73739  3.18146  2.89801  2.37887  2.77519  2.98518  4.58477  3.61503
          0.06646  4.03343  3.06642  0.61958  0.77255  0.40348  1.10259
      2   2.61535  4.69112  2.91117  2.39348  3.89822  3.47260  3.61905  3.18863  2.05405  2.89034  2.53105  3.03881  3.86037  2.86163  2.94023  2.65378  2.81538  3.00563  4.56276  3.90843     70 k - - -
          2.68618  4.42225  2.77519  2.73123  3.46354  2.40513  3.72494  3.29354  2.67741  2.69355  4.24690  2.90347  2.73739  3.18146  2.89801  2.37887  2.77519  2.98518  4.58477  3.61503
          0.02285  4.18599  4.90833  0.61958  0.77255  0.48917  0.94967
      3   2.54340  4.88974  2.80558  2.28750  3.92495  3.37734  3.48349  3.53147  2.29038  3.10226  3.88915  2.78486  3.82497  2.68612  2.77042  2.40213  2.74328  2.52924  5.37767  4.02604     71 e - - -
          2.68619  4.42227  2.77521  2.73125  3.46355  2.40514  3.72496  3.29344  2.67742  2.69350  4.24662  2.90348  2.73741  3.18148  2.89802  2.37888  2.77521  2.98520  4.58478  3.61489
          0.04520  3.29576  4.94042  0.83966  0.56538  0.51447  0.91085
      4   2.18322  4.88050  2.91518  2.38386  4.13860  3.06443  3.39238  3.51921  2.37781  3.14893  3.94839  2.85331  3.45479  2.74171  2.77043  2.43961  2.64792  2.88864  5.37252  4.02316     76 a - - -
          2.68618  4.42225  2.77519  2.73123  3.46354  2.40513  3.72494  3.29354  2.67741  2.69355  4.24690  2.90347  2.73739  3.18146  2.89801  2.37887  2.77519  2.98518  4.58477  3.61503
          0.02212  4.21808  4.94042  0.61958  0.77255  0.51447  0.91085
      5   2.88953  4.35274  4.23693  3.69225  1.44375  3.95993  4.05796  2.39584  3.56316  1.97725  3.30332  3.42252  4.31412  3.77935  3.75174  3.26442  3.12656  2.34512  4.55723  3.11506     77 f - - -
          2.68618  4.42225  2.77519  2.73123  3.46354  2.40513  3.72494  3.29354  2.67741  2.69355  4.24690  2.90347  2.73739  3.18146  2.89801  2.37887  2.77519  2.98518  4.58477  3.61503
          0.02212  4.21808  4.94042  0.61958  0.77255  0.46822  0.98381
      6   2.49655  4.07222  4.21594  3.51433  2.52696  3.75440  4.06527  2.40707  3.48291  1.64995  2.75579  3.78273  3.98290  3.68067  3.62198  2.98766  2.81127  2.17517  4.46169  3.50053     78 l - - -
          2.68618  4.42225  2.77519  2.73123  3.46354  2.40513  3.72494  3.29354  2.67741  2.69355  4.24690  2.90347  2.73739  3.18146  2.89801  2.37887  2.77519  2.98518  4.58477  3.61503
          0.02163  4.24040  4.96275  0.61958  0.77255  0.48576  0.95510
      7   2.32847  4.95424  2.87854  2.34774  4.24014  3.25531  3.54879  3.67921  2.37730  3.24161  4.03051  2.80630  2.60971  2.69378  2.89990  2.28879  2.65562  3.28136  5.44558  4.08150     79 s - - -
          2.68618  4.42225  2.77519  2.73123  3.46354  2.40513  3.72494  3.29354  2.67741  2.69355  4.24690  2.90347  2.73739  3.18146  2.89801  2.37887  2.77519  2.98518  4.58477  3.61503
          0.02163  4.24040  4.96275  0.61958  0.77255  0.48576  0.95510
      8   2.13813  4.90366  2.98920  2.43301  4.17006  3.44344  3.64152  3.59845  2.15901  3.08177  3.81185  2.61898  3.83580  2.62923  2.77303  2.45611  2.62362  3.15340  5.39137  4.04221     80 a - - -
          2.68618  4.42225  2.77519  2.73123  3.46354  2.40513  3.72494  3.29354  2.67741  2.69355  4.24690  2.90347  2.73739  3.18146  2.89801  2.37887  2.77519  2.98518  4.58477  3.61503
          0.02163  4.24040  4.96275  0.61958  0.77255  0.48576  0.95510
      9   2.45237  3.66345  4.38161  3.78744  2.13441  3.83705  4.16340  2.27781  3.63266  1.88973  2.78526  3.90570  4.19324  3.81034  3.73797  3.13997  2.75413  2.03732  4.73219  3.55431     81 l - - -
          2.68618  4.42225  2.77519  2.73123  3.46354  2.40513  3.72494  3.29354  2.67741  2.69355  4.24690  2.90347  2.73739  3.18146  2.89801  2.37887  2.77519  2.98518  4.58477  3.61503
          0.02163  4.24040  4.96275  0.61958  0.77255  0.48576  0.95510
     10   2.87117  4.26508  4.48118  3.91706  3.34104  3.88976  4.47209  1.25671  3.79492  2.16969  3.29897  4.11038  4.43162  4.02537  3.96956  3.23306  3.04401  1.63953  5.09480  3.89708     82 i - - -
          2.68618  4.42225  2.77519  2.73123  3.46354  2.40513  3.72494  3.29354  2.67741  2.69355  4.24690  2.90347  2.73739  3.18146  2.89801  2.37887  2.77519  2.98518  4.58477  3.61503
          0.02163  4.24040  4.96275  0.61958  0.77255  0.48576  0.95510
     11   2.61529  4.44209  3.29242  2.75278  3.54171  3.55300  3.68770  2.59467  2.74389  2.21598  3.49027  2.98052  3.77294  2.37104  3.13420  2.68827  2.84680  2.68533  4.76946  3.22829     83 l - - -
          2.68618  4.42225  2.77519  2.73123  3.46354  2.40513  3.72494  3.29354  2.67741  2.69355  4.24690  2.90347  2.73739  3.18146  2.89801  2.37887  2.77519  2.98518  4.58477  3.61503
          0.02163  4.24040  4.96275  0.61958  0.77255  0.48576  0.95510
     12   2.58660  4.22141  2.52656  2.43742  4.14399  3.43538  3.44908  3.31540  2.43751  3.15580  3.95604  2.64847  3.66220  2.78891  2.90747  2.00366  2.73594  3.14905  5.38065  4.03245     84 s - - -
          2.68618  4.42225  2.77519  2.73123  3.46354  2.40513  3.72494  3.29354  2.67741  2.69355  4.24690  2.90347  2.73739  3.18146  2.89801  2.37887  2.77519  2.98518  4.58477  3.61503
          0.02163  4.24040  4.96275  0.61958  0.77255  0.48576  0.95510
     13   3.54877  4.98953  4.81005  4.50335  1.08626  4.52934  3.61494  3.45339  4.34277  2.80462  4.05516  4.22543  4.83895  4.29034  4.35464  3.89518  3.98442  3.36906  3.75092  1.19870     85 f - - -
          2.68618  4.42225  2.77519  2.73123  3.46354  2.40513  3.72494  3.29354  2.67741  2.69355  4.24690  2.90347  2.73739  3.18146  2.89801  2.37887  2.77519  2.98518  4.58477  3.61503
          0.02163  4.24040  4.96275  0.61958  0.77255  0.48576  0.95510
     14   3.19503  4.58783  4.60010  4.08936  1.20568  4.26443  4.17576  2.56676  3.93039  1.66876  3.10714  4.20127  4.57601  4.08013  4.05964  3.42995  3.43093  2.56526  4.49287  2.97100     86 f - - -
          2.68618  4.42225  2.77519  2.73123  3.46354  2.40513  3.72494  3.29354  2.67741  2.69355  4.24690  2.90347  2.73739  3.18146  2.89801  2.37887  2.77519  2.98518  4.58477  3.61503
          0.02163  4.24040  4.96275  0.61958  0.77255  0.48576  0.95510
     15   3.08962  4.42786  4.81483  4.30213  3.70232  4.40252  4.97743  1.09543  4.19431  2.30624  3.52489  4.49591  4.74688  4.45514  4.38783  3.77325  2.74190  1.38438  5.55506  4.35287     87 i - - -
          2.68618  4.42225  2.77519  2.73123  3.46354  2.40513  3.72494  3.29354  2.67741  2.69355  4.24690  2.90347  2.73739  3.18146  2.89801  2.37887  2.77519  2.98518  4.58477  3.61503
          0.02163  4.24040  4.96275  0.61958  0.77255  0.48576  0.95510
     16   0.91285  4.25868  3.71932  3.46123  4.47191  3.05544  4.47653  3.83388  3.50266  3.58233  4.42329  3.52051  3.83253  3.77758  3.77558  1.82084  2.84333  3.27849  5.83848  4.64269     88 a - - -
          2.68618  4.42225  2.77519  2.73123  3.46354  2.40513  3.72494  3.29354  2.67741  2.69355  4.24690  2.90347  2.73739  3.18146  2.89801  2.37887  2.77519  2.98518  4.58477  3.61503
          0.02163  4.24040  4.96275  0.61958  0.77255  0.48576  0.95510
     17   2.83748  4.26451  4.54735  3.95991  2.03766  4.03646  4.30603  2.38299  3.80954  1.58518  2.77640  4.09010  4.35641  3.95631  3.90796  3.34513  3.10134  1.84509  4.78734  3.23769     89 l - - -
          2.68618  4.42225  2.77519  2.73123  3.46354  2.40513  3.72494  3.29354  2.67741  2.69355  4.24690  2.90347  2.73739  3.18146  2.89801  2.37887  2.77519  2.98518  4.58477  3.61503
          0.02163  4.24040  4.96275  0.61958  0.77255  0.48576  0.95510
     18   3.18907  4.91143  3.93663  3.89006  4.99427  0.33543  4.97133  4.69974  4.12038  4.30083  5.29089  4.10281  4.31254  4.41610  4.30057  3.37394  3.69838  4.15655  5.97580  5.11409     90 G - - -
          2.68618  4.42225  2.77519  2.73123  3.46354  2.40513  3.72494  3.29354  2.67741  2.69355  4.24690  2.90347  2.73739  3.18146  2.89801  2.37887  2.77519  2.98518  4.58477  3.61503
          0.02163  4.24040  4.96275  0.61958  0.77255  0.48576  0.95510
     19   3.25503  4.52220  5.09109  4.59224  3.72316  4.69849  5.28688  1.48138  4.48829  2.12435  3.50910  4.79264  4.96930  4.73984  4.67006  4.09326  3.51462  0.88168  5.73050  4.52595     91 v - - -
          2.68618  4.42225  2.77519  2.73123  3.46354  2.40513  3.72494  3.29354  2.67741  2.69355  4.24690  2.90347  2.73739  3.18146  2.89801  2.37887  2.77519  2.98518  4.58477  3.61503
          0.02163  4.24040  4.96275  0.61958  0.77255  0.48576  0.95510
     20   3.14735  4.46032  4.91543  4.35501  3.39020  4.46393  4.86196  1.68351  4.23326  1.37950  2.87591  4.53216  4.72519  4.38869  4.35320  3.80583  3.20754  1.44458  5.29162  4.16262     92 l - - -
          2.68618  4.42225  2.77519  2.73123  3.46354  2.40513  3.72494  3.29354  2.67741  2.69355  4.24690  2.90347  2.73739  3.18146  2.89801  2.37887  2.77519  2.98518  4.58477  3.61503
          0.02163  4.24040  4.96275  0.61958  0.77255  0.48576  0.95510
     21   3.32915  4.61290  5.10903  4.54921  3.19424  4.67451  5.04751  1.67966  4.43242  1.05154  3.00216  4.74858  4.86788  4.52087  4.52394  4.03023  3.55737  1.71293  5.34612  4.26753     93 l - - -
          2.68618  4.42225  2.77519  2.73123  3.46354  2.40513  3.72494  3.29354  2.67741  2.69355  4.24690  2.90347  2.73739  3.18146  2.89801  2.37887  2.77519  2.98518  4.58477  3.61503
          0.02163  4.24040  4.96275  0.61958  0.77255  0.48576  0.95510
     22   3.18907  4.91143  3.93663  3.89006  4.99427  0.33543  4.97133  4.69974  4.12038  4.30083  5.29089  4.10281  4.31254  4.41610  4.30057  3.37394  3.69838  4.15655  5.97580  5.11409     94 G - - -
          2.68618  4.42225  2.77519  2.73123  3.46354  2.40513  3.72494  3.29354  2.67741  2.69355  4.24690  2.90347  2.73739  3.18146  2.89801  2.37887  2.77519  2.98518  4.58477  3.61503
          0.02163  4.24040  4.96275  0.61958  0.77255  0.48576  0.95510
     23   1.88593  4.29949  3.53291  3.37222  4.62270  0.95102  4.50111  4.03407  3.54122  3.74929  4.57200  3.47708  3.83498  3.79326  3.82467  2.45353  2.87613  3.40893  5.95926  4.76358     95 g - - -
          2.68618  4.42225  2.77519  2.73123  3.46354  2.40513  3.72494  3.29354  2.67741  2.69355  4.24690  2.90347  2.73739  3.18146  2.89801  2.37887  2.77519  2.98518  4.58477  3.61503
          0.02163  4.24040  4.96275  0.61958  0.77255  0.48576  0.95510
     24   1.34590  3.45246  3.84222  3.37831  4.08596  3.15058  4.28390  3.41885  3.32077  3.16750  4.02478  3.50353  3.84763  3.59863  3.62228  1.68579  2.51094  2.80675  5.49101  4.29171     96 a - - -
          2.68618  4.42225  2.77519  2.73123  3.46354  2.40513  3.72494  3.29354  2.67741  2.69355  4.24690  2.90347  2.73739  3.18146  2.89801  2.37887  2.77519  2.98518  4.58477  3.61503
          0.02163  4.24040  4.96275  0.61958  0.77255  0.48576  0.95510
     25   3.07416  4.52644  4.97142  4.39208  2.90515  4.47766  4.81144  1.55695  4.25787  1.19216  2.54975  4.55829  4.70683  4.34167  4.33126  3.81328  3.43184  2.12057  5.15843  4.07375     97 l - - -
          2.68618  4.42225  2.77519  2.73123  3.46354  2.40513  3.72494  3.29354  2.67741  2.69355  4.24690  2.90347  2.73739  3.18146  2.89801  2.37887  2.77519  2.98518  4.58477  3.61503
          0.02163  4.24040  4.96275  0.61958  0.77255  0.48576  0.95510
     26   2.74453  4.19248  4.44286  3.85995  2.66669  3.96897  4.30426  1.48238  3.72155  1.97792  3.07183  4.01404  4.31232  3.91201  3.85341  2.92777  3.02553  1.94699  4.87757  3.69400     98 i - - -
          2.68618  4.42225  2.77519  2.73123  3.46354  2.40513  3.72494  3.29354  2.67741  2.69355  4.24690  2.90347  2.73739  3.18146  2.89801  2.37887  2.77519  2.98518  4.58477  3.61503
          0.02163  4.24040  4.96275  0.61958  0.77255  0.48576  0.95510
     27   1.97185  4.27988  3.59565  3.39200  4.55918  0.96243  4.47792  3.94668  3.50395  3.67456  4.50134  3.48389  3.82864  3.76902  3.78647  2.42575  2.85534  3.20941  5.90764  4.70970     99 g - - -
          2.68618  4.42225  2.77519  2.73123  3.46354  2.40513  3.72494  3.29354  2.67741  2.69355  4.24690  2.90347  2.73739  3.18146  2.89801  2.37887  2.77519  2.98518  4.58477  3.61503
          0.02163  4.24040  4.96275  0.61958  0.77255  0.48576  0.95510
     28   1.51095  4.27640  3.61150  3.34742  4.55421  1.35574  4.42829  3.98649  3.44475  3.66426  4.46857  3.45851  3.81169  3.70065  3.75464  2.05259  2.83079  3.37045  5.88427  4.68724    100 g - - -
          2.68618  4.42225  2.77519  2.73123  3.46354  2.40513  3.72494  3.29354  2.67741  2.69355  4.24690  2.90347  2.73739  3.18146  2.89801  2.37887  2.77519  2.98518  4.58477  3.61503
          0.02163  4.24040  4.96275  0.61958  0.77255  0.48576  0.95510
     29   3.03594  4.50490  4.94026  4.36422  2.98034  4.45825  4.80312  1.70035  4.23399  1.13712  2.77111  4.53366  4.69731  4.33425  4.31920  3.79334  3.41025  1.92686  5.17339  4.07911    101 l - - -
          2.68618  4.42225  2.77519  2.73123  3.46354  2.40513  3.72494  3.29354  2.67741  2.69355  4.24690  2.90347  2.73739  3.18146  2.89801  2.37887  2.77519  2.98518  4.58477  3.61503
          0.02163  4.24040  4.96275  0.61958  0.77255  0.48576  0.95510
     30   1.63755  3.89261  3.88252  3.56829  4.49726  1.11499  4.51260  3.89228  3.55660  3.61090  4.42536  3.55408  3.80756  3.81764  3.81817  2.36621  2.80377  3.29422  5.85361  4.68330    102 g - - -
          2.68618  4.42225  2.77519  2.73123  3.46354  2.40513  3.72494  3.29354  2.67741  2.69355  4.24690  2.90347  2.73739  3.18146  2.89801  2.37887  2.77519  2.98518  4.58477  3.61503
          0.02163  4.24040  4.96275  0.61958  0.77255  0.48576  0.95510
     31   0.96065  4.36120  3.40654  3.01890  4.37276  2.89794  4.26638  3.76134  3.23579  3.45881  4.29411  3.37119  3.84809  3.52732  3.57388  2.19913  2.87354  3.26816  5.71728  4.48855    103 a - - -
          2.68618  4.42225  2.77519  2.73123  3.46354  2.40513  3.72494  3.29354  2.67741  2.69355  4.24690  2.90347  2.73739  3.18146  2.89801  2.37887  2.77519  2.98518  4.58477  3.61503
          0.02163  4.24040  4.96275  0.61958  0.77255  0.48576  0.95510
     32   2.65577  4.12991  4.32219  3.73522  1.97735  3.84614  4.13915  2.26704  3.59138  1.99246  3.17634  3.88134  4.20166  3.78071  3.72116  3.07034  2.87908  1.85548  4.71415  3.19470    104 v - - -
          2.68618  4.42225  2.77519  2.73123  3.46354  2.40513  3.72494  3.29354  2.67741  2.69355  4.24690  2.90347  2.73739  3.18146  2.89801  2.37887  2.77519  2.98518  4.58477  3.61503
          0.02163  4.24040  4.96275  0.61958  0.77255  0.48576  0.95510
     33   3.05545  4.59862  4.91773  4.34741  2.72022  4.51121  4.81572  1.98104  4.22086  0.90412  3.00907  4.55436  4.73324  4.31807  4.32393  3.84733  3.48911  2.20813  5.16283  4.05170    105 l - - -
          2.68618  4.42225  2.77519  2.73123  3.46354  2.40513  3.72494  3.29354  2.67741  2.69355  4.24690  2.90347  2.73739  3.18146  2.89801  2.37887  2.77519  2.98518  4.58477  3.61503
          0.02163  4.24040  4.96275  0.61958  0.77255  0.48576  0.95510
     34   2.58700  4.40984  3.40101  2.84090  3.59397  3.38230  3.83157  2.70206  2.80155  2.57152  3.39300  3.08943  3.94585  3.11887  3.18065  2.06792  2.22457  2.46496  5.01583  3.76770    106 s - - -
          2.68618  4.42225  2.77519  2.73123  3.46354  2.40513  3.72494  3.29354  2.67741  2.69355  4.24690  2.90347  2.73739  3.18146  2.89801  2.37887  2.77519  2.98518  4.58477  3.61503
          0.02145  4.24845  4.97080  0.61958  0.77255  0.48576  0.95510
     35   2.65126  4.88512  2.92723  2.36171  3.89941  2.09179  3.40529  3.55708  2.42767  2.82042  3.95660  2.63496  3.85214  2.76531  2.83479  2.67323  2.88357  3.22450  5.37798  4.03501    107 g - - -
          2.68618  4.42225  2.77519  2.73123  3.46354  2.40513  3.72494  3.29354  2.67741  2.69355  4.24690  2.90347  2.73739  3.18146  2.89801  2.37887  2.77519  2.98518  4.58477  3.61503
          0.02145  4.24845  4.97080  0.61958  0.77255  0.48576  0.95510
     36   2.63762  5.14314  2.59967  2.06701  4.46794  2.57879  3.03784  3.94227  2.17048  3.29010  4.19291  2.87952  3.82171  2.40144  2.86339  2.63625  2.90554  3.52363  5.58343  4.18003    108 e - - -
          2.68618  4.42225  2.77519  2.73123  3.46354  2.40513  3.72494  3.29354  2.67741  2.69355  4.24690  2.90347  2.73739  3.18146  2.89801  2.37887  2.77519  2.98518  4.58477  3.61503
          0.02145  4.24845  4.97080  0.61958  0.77255  0.48576  0.95510
     37   2.56515  5.01535  2.71002  2.40505  4.33471  3.41247  3.53030  3.77890  2.49488  3.33830  4.13830  2.93917  2.03889  2.22572  2.96193  2.52172  2.95778  3.40986  5.53676  4.16917    109 p - - -
          2.68618  4.42225  2.77519  2.73123  3.46354  2.40513  3.72494  3.29354  2.67741  2.69355  4.24690  2.90347  2.73739  3.18146  2.89801  2.37887  2.77519  2.98518  4.58477  3.61503
          0.02145  4.24845  4.97080  0.61958  0.77255  0.48576  0.95510
     38   2.42893  4.43310  3.39410  3.15309  4.33041  3.18984  4.27302  3.67031  3.16335  3.26381  4.31579  3.40206  1.03775  3.53989  3.46413  2.57707  2.84930  3.23802  5.70704  4.44370    110 p - - -
          2.68618  4.42225  2.77519  2.73123  3.46354  2.40513  3.72494  3.29354  2.67741  2.69355  4.24690  2.90347  2.73739  3.18146  2.89801  2.37887  2.77519  2.98518  4.58477  3.61503
          0.02145  4.24845  4.97080  0.61958  0.77255  0.48576  0.95510
     39   2.63852  4.20203  3.96911  3.39171  3.19254  3.53778  4.05522  2.44689  3.28769  1.42730  3.08924  3.66970  4.12336  3.35317  3.52339  3.03691  2.67853  2.23812  4.81938  3.62573    111 l - - -
          2.68618  4.42225  2.77519  2.73123  3.46354  2.40513  3.72494  3.29354  2.67741  2.69355  4.24690  2.90347  2.73739  3.18146  2.89801  2.37887  2.77519  2.98518  4.58477  3.61503
          0.02145  4.24845  4.97080  0.61958  0.77255  0.48576  0.95510
     40   2.51599  4.93044  2.86744  2.41607  4.19937  3.36387  3.44490  3.57642  2.11604  3.00739  3.99317  2.85662  3.83112  2.64190  2.83984  2.50770  2.16693  3.27973  5.41108  3.85749    112 k - - -
          2.68618  4.42225  2.77519  2.73123  3.46354  2.40513  3.72494  3.29354  2.67741  2.69355  4.24690  2.90347  2.73739  3.18146  2.89801  2.37887  2.77519  2.98518  4.58477  3.61503
          0.02145  4.24845  4.97080  0.61958  0.77255  0.48576  0.95510
     41   2.01353  4.40113  3.39842  2.73166  3.54869  3.56921  3.81292  2.71949  2.75664  2.58014  3.34657  3.26446  3.95057  3.06770  3.00127  2.64811  2.35033  2.56401  4.56393  3.53958    113 a - - -
          2.68618  4.42225  2.77519  2.73123  3.46354  2.40513  3.72494  3.29354  2.67741  2.69355  4.24690  2.90347  2.73739  3.18146  2.89801  2.37887  2.77519  2.98518  4.58477  3.61503
          0.02145  4.24845  4.97080  0.61958  0.77255  0.48576  0.95510
     42   3.19481  4.56406  4.75043  4.18467  3.27860  4.41890  4.76755  1.91787  4.04213  1.66600  1.35198  4.42756  4.67898  4.22131  4.19782  3.75110  3.29528  2.11005  5.22819  4.12232    114 m - - -
          2.68618  4.42225  2.77519  2.73123  3.46354  2.40513  3.72494  3.29354  2.67741  2.69355  4.24690  2.90347  2.73739  3.18146  2.89801  2.37887  2.77519  2.98518  4.58477  3.61503
          0.02145  4.24845  4.97080  0.61958  0.77255  0.48576  0.95510
     43   2.50697  4.26794  3.60345  2.98488  3.11016  3.61991  3.61754  2.60559  2.97402  2.13382  3.29901  3.03009  3.99704  3.17255  3.19249  2.73363  2.67101  2.53560  4.67506  2.57887    115 l - - -
          2.68618  4.42225  2.77519  2.73123  3.46354  2.40513  3.72494  3.29354  2.67741  2.69355  4.24690  2.90347  2.73739  3.18146  2.89801  2.37887  2.77519  2.98518  4.58477  3.61503
          0.02145  4.24845  4.97080  0.61958  0.77255  0.48576  0.95510
     44   2.63817  5.08140  2.56496  2.23698  4.40213  3.41686  3.60509  3.86838  2.23385  3.31514  3.91200  2.80900  3.81087  2.53182  2.16904  2.51246  2.66321  3.45913  5.52675  3.93310    116 r - - -
          2.68618  4.42225  2.77519  2.73123  3.46354  2.40513  3.72494  3.29354  2.67741  2.69355  4.24690  2.90347  2.73739  3.18146  2.89801  2.37887  2.77519  2.98518  4.58477  3.61503
          0.02145  4.24845  4.97080  0.61958  0.77255  0.48576  0.95510
     45   2.81030  4.21808  4.45159  3.86352  2.23293  3.96295  3.96690  1.98591  3.71433  1.48444  3.10867  4.00759  4.29729  3.88346  3.82931  3.26772  2.90984  2.19310  4.78276  3.58433    117 l - - -
          2.68618  4.42225  2.77519  2.73123  3.46354  2.40513  3.72494  3.29354  2.67741  2.69355  4.24690  2.90347  2.73739  3.18146  2.89801  2.37887  2.77519  2.98518  4.58477  3.61503
          0.02145  4.24845  4.97080  0.61958  0.77255  0.48576  0.95510
     46   1.05511  4.29779  3.65311  3.24854  4.19360  2.81950  4.25082  3.54626  3.23019  3.06876  4.12448  3.43912  3.85133  3.53089  3.55412  2.16161  2.83290  2.96388  5.57167  4.35357    118 a - - -
          2.68618  4.42225  2.77519  2.73123  3.46354  2.40513  3.72494  3.29354  2.67741  2.69355  4.24690  2.90347  2.73739  3.18146  2.89801  2.37887  2.77519  2.98518  4.58477  3.61503
          0.02145  4.24845  4.97080  0.61958  0.77255  0.48576  0.95510
     47   2.63822  5.14918  2.39896  2.14408  4.47272  2.46892  3.62866  3.94870  2.25751  3.37682  4.20065  2.65616  3.82178  2.69795  2.72862  2.41803  2.86614  3.52921  5.59255  4.18547    119 e - - -
          2.68618  4.42225  2.77519  2.73123  3.46354  2.40513  3.72494  3.29354  2.67741  2.69355  4.24690  2.90347  2.73739  3.18146  2.89801  2.37887  2.77519  2.98518  4.58477  3.61503
          0.02145  4.24845  4.97080  0.61958  0.77255  0.48576  0.95510
     48   2.64785  5.10538  2.11791  2.30154  4.42928  3.41237  3.52388  3.79938  2.19371  3.39981  3.96507  2.77097  3.81293  2.55645  2.63907  2.28281  2.87949  3.48501  5.54834  4.15146    120 d - - -
          2.68618  4.42225  2.77519  2.73123  3.46354  2.40513  3.72494  3.29354  2.67741  2.69355  4.24690  2.90347  2.73739  3.18146  2.89801  2.37887  2.77519  2.98518  4.58477  3.61503
          0.02145  4.24845  4.97080  0.61958  0.77255  0.48576  0.95510
     49   3.48361  4.75552  5.20693  4.65311  3.24296  4.82565  5.16486  1.54512  4.49932  0.89020  2.91963  4.88792  4.96924  4.57900  4.58362  4.19869  3.70731  2.19271  5.38097  4.32511    121 l - - -
          2.68618  4.42225  2.77519  2.73123  3.46354  2.40513  3.72494  3.29354  2.67741  2.69355  4.24690  2.90347  2.73739  3.18146  2.89801  2.37887  2.77519  2.98518  4.58477  3.61503
          0.02145  4.24845  4.97080  0.61958  0.77255  0.48576  0.95510
     50   3.20222  5.34042  3.64194  2.92949  4.85281  3.61669  3.71305  4.17913  1.16698  3.58272  4.44463  3.32362  4.16298  2.84012  1.48431  3.18493  3.35664  3.84872  5.59330  4.44426    122 k - - -
          2.68618  4.42225  2.77519  2.73123  3.46354  2.40513  3.72494  3.29354  2.67741  2.69355  4.24690  2.90347  2.73739  3.18146  2.89801  2.37887  2.77519  2.98518  4.58477  3.61503
          0.02145  4.24845  4.97080  0.61958  0.77255  0.48576  0.95510
     51   3.33427  4.60873  5.10473  4.60045  3.54220  4.73189  5.23751  0.88776  4.45631  1.79373  3.34079  4.81398  4.97437  4.67766  4.61172  4.12790  3.58764  1.73374  5.60367  4.42907    123 i - - -
          2.68618  4.42225  2.77519  2.73123  3.46354  2.40513  3.72494  3.29354  2.67741  2.69355  4.24690  2.90347  2.73739  3.18146  2.89801  2.37887  2.77519  2.98518  4.58477  3.61503
          0.02145  4.24845  4.97080  0.61958  0.77255  0.48576  0.95510
     52   3.70373  5.05074  4.54325  4.22118  2.37363  4.31264  3.81252  3.57649  3.88236  2.90953  4.16734  4.18485  4.72528  4.16624  3.98854  3.84233  3.96178  3.48972  0.77521  2.23754    124 w - - -
          2.68618  4.42225  2.77519  2.73123  3.46354  2.40513  3.72494  3.29354  2.67741  2.69355  4.24690  2.90347  2.73739  3.18146  2.89801  2.37887  2.77519  2.98518  4.58477  3.61503
          0.02145  4.24845  4.97080  0.61958  0.77255  0.48576  0.95510
     53   0.75997  4.30086  3.71564  3.50956  4.54809  2.40994  4.54667  3.90395  3.59607  3.66041  4.50989  3.56688  3.87002  3.86059  3.85606  2.57804  2.90159  3.34090  5.89333  4.72636    125 a - - -
          2.68618  4.42225  2.77519  2.73123  3.46354  2.40513  3.72494  3.29354  2.67741  2.69355  4.24690  2.90347  2.73739  3.18146  2.89801  2.37887  2.77519  2.98518  4.58477  3.61503
          0.02145  4.24845  4.97080  0.61958  0.77255  0.48576  0.95510
     54   3.10274  4.48813  5.04035  4.49770  3.51553  4.59351  5.04844  1.36117  4.38731  1.60243  3.12461  4.67507  4.84332  4.55968  4.51668  3.95296  3.44780  1.35254  5.45942  4.31579    126 v - - -
          2.68618  4.42225  2.77519  2.73123  3.46354  2.40513  3.72494  3.29354  2.67741  2.69355  4.24690  2.90347  2.73739  3.18146  2.89801  2.37887  2.77519  2.98518  4.58477  3.61503
          0.02145  4.24845  4.97080  0.61958  0.77255  0.48576  0.95510
     55   2.22016  4.38916  4.56319  4.03116  3.64297  4.22026  4.73231  1.81130  3.93087  2.20683  3.50103  4.26080  4.58807  4.19643  4.15273  3.56584  3.25636  1.08926  5.40336  4.19753    127 v - - -
          2.68618  4.42225  2.77519  2.73123  3.46354  2.40513  3.72494  3.29354  2.67741  2.69355  4.24690  2.90347  2.73739  3.18146  2.89801  2.37887  2.77519  2.98518  4.58477  3.61503
          0.02145  4.24845  4.97080  0.61958  0.77255  0.48576  0.95510
     56   1.18011  4.26577  3.73463  3.29230  4.07186  2.80965  4.24187  3.38828  3.25898  3.14663  4.00811  3.47020  3.86343  3.54564  3.57475  2.39433  2.49232  2.39150  5.47477  4.26601    128 a - - -
          2.68618  4.42225  2.77519  2.73123  3.46354  2.40513  3.72494  3.29354  2.67741  2.69355  4.24690  2.90347  2.73739  3.18146  2.89801  2.37887  2.77519  2.98518  4.58477  3.61503
          0.02145  4.24845  4.97080  0.61958  0.77255  0.48576  0.95510
     57   0.72848  4.26948  3.71763  3.51848  4.51122  2.85661  4.53979  3.84280  3.58351  3.62786  4.47948  3.55487  3.85314  3.85837  3.83250  2.46654  2.87304  3.28881  5.88242  4.69534    129 a - - -
          2.68618  4.42225  2.77519  2.73123  3.46354  2.40513  3.72494  3.29354  2.67741  2.69355  4.24690  2.90347  2.73739  3.18146  2.89801  2.37887  2.77519  2.98518  4.58477  3.61503
          0.02145  4.24845  4.97080  0.61958  0.77255  0.48576  0.95510
     58   3.33934  4.60453  5.15660  4.61702  3.43914  4.74390  5.18415  1.12754  4.50038  1.42073  3.12163  4.82211  4.94505  4.63847  4.61854  4.11649  3.57686  1.73421  5.50056  4.39517    130 i - - -
          2.68618  4.42225  2.77519  2.73123  3.46354  2.40513  3.72494  3.29354  2.67741  2.69355  4.24690  2.90347  2.73739  3.18146  2.89801  2.37887  2.77519  2.98518  4.58477  3.61503
          0.02145  4.24845  4.97080  0.61958  0.77255  0.48576  0.95510
     59   2.65314  4.70296  2.61729  2.76509  4.66126  0.91870  4.21913  4.16226  3.24826  3.80007  4.64888  3.18188  3.92801  3.45448  3.68050  2.61511  3.10280  3.62913  5.94915  4.63165    131 g - - -
          2.68618  4.42225  2.77519  2.73123  3.46354  2.40513  3.72494  3.29354  2.67741  2.69355  4.24690  2.90347  2.73739  3.18146  2.89801  2.37887  2.77519  2.98518  4.58477  3.61503
          0.02145  4.24845  4.97080  0.61958  0.77255  0.48576  0.95510
     60   3.20194  4.92278  3.95105  3.90576  5.00848  0.32980  4.98578  4.71666  4.13712  4.31637  5.30698  4.11728  4.32402  4.43221  4.31573  3.38713  3.71181  4.17190  5.98715  5.12881    132 G - - -
          2.68618  4.42225  2.77519  2.73123  3.46354  2.40513  3.72494  3.29354  2.67741  2.69355  4.24690  2.90347  2.73739  3.18146  2.89801  2.37887  2.77519  2.98518  4.58477  3.61503
          0.02145  4.24845  4.97080  0.61958  0.77255  0.48576  0.95510
     61   2.39894  4.31817  3.62797  3.35433  4.36630  3.12291  4.38719  3.69496  3.35334  3.46322  4.33332  3.49130  3.87028  3.67983  3.63518  2.11214  0.96025  3.21478  5.74287  4.52247    133 t - - -
          2.68618  4.42225  2.77519  2.73123  3.46354  2.40513  3.72494  3.29354  2.67741  2.69355  4.24690  2.90347  2.73739  3.18146  2.89801  2.37887  2.77519  2.98518  4.58477  3.61503
          0.02145  4.24845  4.97080  0.61958  0.77255  0.48576  0.95510
     62   3.31305  4.65519  4.85763  4.32403  1.18167  4.47486  4.49582  2.14800  4.17827  1.71834  2.74229  4.46068  4.72193  4.27213  4.27606  3.81522  3.54013  2.45835  4.77471  3.36486    134 f - - -
          2.68618  4.42225  2.77519  2.73123  3.46354  2.40513  3.72494  3.29354  2.67741  2.69355  4.24690  2.90347  2.73739  3.18146  2.89801  2.37887  2.77519  2.98518  4.58477  3.61503
          0.02145  4.24845  4.97080  0.61958  0.77255  0.48576  0.95510
     63   2.88128  5.30946  1.28682  2.23190  4.70621  3.34310  3.83465  4.18814  2.76717  3.71618  4.53187  2.85910  3.72010  2.98796  3.31333  2.13508  2.95191  3.76418  5.89435  4.44895    135 d - - -
          2.68618  4.42225  2.77519  2.73123  3.46354  2.40513  3.72494  3.29354  2.67741  2.69355  4.24690  2.90347  2.73739  3.18146  2.89801  2.37887  2.77519  2.98518  4.58477  3.61503
          0.02145  4.24845  4.97080  0.61958  0.77255  0.48576  0.95510
     64   2.12535  4.48247  3.33162  2.83050  4.08183  3.28692  3.93870  3.48034  2.82199  3.13809  3.97111  3.00710  2.94494  3.14859  3.22979  2.15916  1.75634  2.89300  5.41434  4.14236    136 t - - -
          2.68618  4.42225  2.77519  2.73123  3.46354  2.40513  3.72494  3.29354  2.67741  2.69355  4.24690  2.90347  2.73739  3.18146  2.89801  2.37887  2.77519  2.98518  4.58477  3.61503
          0.02145  4.24845  4.97080  0.61958  0.77255  0.48576  0.95510
     65   3.19836  4.52240  4.96134  4.37982  1.68893  4.44618  4.73749  1.82937  4.23763  1.44747  2.72503  4.52750  4.67994  4.31099  4.29914  3.77900  3.42097  2.12327  5.07229  3.94305    137 l - - -
          2.68618  4.42225  2.77519  2.73123  3.46354  2.40513  3.72494  3.29354  2.67741  2.69355  4.24690  2.90347  2.73739  3.18146  2.89801  2.37887  2.77519  2.98518  4.58477  3.61503
          0.02145  4.24845  4.97080  0.61958  0.77255  0.48576  0.95510
     66   2.54334  4.78974  3.09255  2.29406  4.01773  3.49175  3.68382  3.42189  2.36880  2.88623  3.86748  3.03958  3.88058  2.84852  2.32192  2.63840  2.76230  3.11740  5.29222  2.50229    138 e - - -
          2.68618  4.42225  2.77519  2.73123  3.46354  2.40513  3.72494  3.29354  2.67741  2.69355  4.24690  2.90347  2.73739  3.18146  2.89801  2.37887  2.77519  2.98518  4.58477  3.61503
          0.02145  4.24845  4.97080  0.61958  0.77255  0.48576  0.95510
     67   2.43148  4.30981  3.53284  2.91270  3.44528  3.45192  3.86285  2.48059  2.91366  2.52082  3.17794  3.13282  3.98257  3.02909  3.25555  2.47737  2.77886  1.96766  4.89760  3.57518    139 v - - -
          2.68618  4.42225  2.77519  2.73123  3.46354  2.40513  3.72494  3.29354  2.67741  2.69355  4.24690  2.90347  2.73739  3.18146  2.89801  2.37887  2.77519  2.98518  4.58477  3.61503
          0.02145  4.24845  4.97080  0.61958  0.77255  0.48576  0.95510
     68   3.17077  4.47420  5.00709  4.43803  2.55040  4.47766  4.84213  1.50586  4.30344  1.49592  3.03955  4.57663  4.72467  4.40958  4.37710  3.82036  3.40161  1.59913  5.20625  4.08082    140 l - - -
          2.68618  4.42225  2.77519  2.73123  3.46354  2.40513  3.72494  3.29354  2.67741  2.69355  4.24690  2.90347  2.73739  3.18146  2.89801  2.37887  2.77519  2.98518  4.58477  3.61503
          0.02145  4.24845  4.97080  0.61958  0.77255  0.48576  0.95510
     69   3.04189  5.56839  2.23395  0.96165  4.86771  3.25198  3.87100  4.37617  2.82472  3.87692  4.72156  2.83283  3.96812  2.85986  3.37102  2.93940  3.32353  3.95813  6.03250  4.55407    141 e - - -
          2.68618  4.42225  2.77519  2.73123  3.46354  2.40513  3.72494  3.29354  2.67741  2.69355  4.24690  2.90347  2.73739  3.18146  2.89801  2.37887  2.77519  2.98518  4.58477  3.61503
          0.02145  4.24845  4.97080  0.61958  0.77255  0.48576  0.95510
     70   2.65398  5.01483  2.92344  2.31181  4.31398  3.27369  3.62293  3.51050  2.06222  3.29394  3.93029  2.93619  3.83388  2.65407  2.07891  2.42067  2.76773  3.32598  5.47051  4.10590    142 k - - -
          2.68618  4.42225  2.77519  2.73123  3.46354  2.40513  3.72494  3.29354  2.67741  2.69355  4.24690  2.90347  2.73739  3.18146  2.89801  2.37887  2.77519  2.98518  4.58477  3.61503
          0.05013  4.24845  3.36357  0.61958  0.77255  0.48576  0.95510
     71   2.63213  4.70691  2.90391  2.65659  4.30027  1.30238  3.61109  3.79904  2.82280  3.41451  4.25429  2.64013  3.89144  3.15859  3.22921  2.64641  2.99484  3.21623  5.60036  4.26483    143 g - - -
          2.68618  4.42225  2.77519  2.73123  3.46354  2.40513  3.72494  3.29354  2.67741  2.69355  4.24690  2.90347  2.73739  3.18146  2.89801  2.37887  2.77519  2.98518  4.58477  3.61503
          0.02207  4.22039  4.94274  0.61958  0.77255  0.46381  0.99124
     72   3.27764  4.58421  5.07324  4.48883  2.25206  4.54702  4.85300  1.83389  4.34765  1.09489  2.71686  4.64295  4.75039  4.38904  4.39061  3.88653  3.49693  2.11493  5.13930  4.06227    144 l - - -
          2.68618  4.42225  2.77519  2.73123  3.46354  2.40513  3.72494  3.29354  2.67741  2.69355  4.24690  2.90347  2.73739  3.18146  2.89801  2.37887  2.77519  2.98518  4.58477  3.61503
          0.03701  4.24845  3.81474  0.61958  0.77255  0.48576  0.95510
     73   2.71478  4.23114  4.19839  3.62016  1.75138  3.86764  3.94301  2.47813  3.48631  1.70816  3.02972  3.83234  4.21643  3.58793  3.66440  3.16050  2.90980  2.38039  4.71578  3.45685    145 l - - -
          2.68618  4.42225  2.77519  2.73123  3.46354  2.40513  3.72494  3.29354  2.67741  2.69355  4.24690  2.90347  2.73739  3.18146  2.89801  2.37887  2.77519  2.98518  4.58477  3.61503
          0.02179  4.23323  4.95558  0.61958  0.77255  0.47352  0.97499
     74   2.62774  4.95779  2.67760  2.16100  3.88115  3.00824  3.62753  3.67596  2.32124  2.59377  3.68304  2.74145  3.82306  2.60218  2.78422  2.57581  2.82831  3.27237  5.43305  4.06718    146 e - - -
          2.68618  4.42225  2.77519  2.73123  3.46354  2.40513  3.72494  3.29354  2.67741  2.69355  4.24690  2.90347  2.73739  3.18146  2.89801  2.37887  2.77519  2.98518  4.58477  3.61503
          0.02145  4.24845  4.97080  0.61958  0.77255  0.48576  0.95510
     75   2.63084  4.61464  3.07547  2.74431  4.28264  1.08165  4.10024  3.69090  2.97843  3.02446  4.27505  3.24813  3.93960  3.34211  3.33064  2.68306  3.03021  3.29887  5.62393  4.32322    147 g - - -
          2.68618  4.42225  2.77519  2.73123  3.46354  2.40513  3.72494  3.29354  2.67741  2.69355  4.24690  2.90347  2.73739  3.18146  2.89801  2.37887  2.77519  2.98518  4.58477  3.61503
          0.02145  4.24845  4.97080  0.61958  0.77255  0.48576  0.95510
     76   2.62632  5.15713  2.65720  1.73061  4.47932  3.40270  3.17571  3.95555  2.36453  3.45154  4.20811  2.48725  3.70713  2.49787  2.88935  2.64334  2.80914  3.53631  5.59874  3.97852    148 e - - -
          2.68618  4.42225  2.77519  2.73123  3.46354  2.40513  3.72494  3.29354  2.67741  2.69355  4.24690  2.90347  2.73739  3.18146  2.89801  2.37887  2.77519  2.98518  4.58477  3.61503
          0.02145  4.24845  4.97080  0.61958  0.77255  0.48576  0.95510
     77   2.61113  4.14461  3.88878  3.30928  3.02669  3.52556  3.69692  2.31359  3.21539  1.97912  3.18666  3.58715  3.91168  3.46513  3.45472  2.90173  2.09303  2.27858  4.74966  3.42483    149 l - - -
          2.68618  4.42225  2.77519  2.73123  3.46354  2.40513  3.72494  3.29354  2.67741  2.69355  4.24690  2.90347  2.73739  3.18146  2.89801  2.37887  2.77519  2.98518  4.58477  3.61503
          0.02145  4.24845  4.97080  0.61958  0.77255  0.48576  0.95510
     78   2.64598  5.03411  2.87417  2.38487  4.34025  3.21038  3.41202  3.79192  1.88042  3.25757  3.96701  2.81730  3.82453  2.73095  2.44133  2.32849  2.69215  3.33253  5.48860  4.11430    150 k - - -
          2.68618  4.42225  2.77519  2.73123  3.46354  2.40513  3.72494  3.29354  2.67741  2.69355  4.24690  2.90347  2.73739  3.18146  2.89801  2.37887  2.77519  2.98518  4.58477  3.61503
          0.02145  4.24845  4.97080  0.61958  0.77255  0.48576  0.95510
     79   2.50913  4.99930  2.14263  2.31918  4.19421  3.26198  3.62898  3.53769  2.39668  3.21797  4.06179  2.91716  2.95103  2.66067  2.87909  2.43661  2.79092  3.30159  5.47263  4.09719    151 d - - -
          2.68618  4.42225  2.77519  2.73123  3.46354  2.40513  3.72494  3.29354  2.67741  2.69355  4.24690  2.90347  2.73739  3.18146  2.89801  2.37887  2.77519  2.98518  4.58477  3.61503
          0.02145  4.24845  4.97080  0.61958  0.77255  0.48576  0.95510
     80   2.60491  4.37057  4.77053  4.20895  3.43982  4.32346  4.72410  1.38584  4.08851  1.78734  2.83221  4.38129  4.62242  4.27762  4.22749  3.65578  3.27364  1.58069  5.23402  4.07095    152 i - - -
          2.68618  4.42225  2.77519  2.73123  3.46354  2.40513  3.72494  3.29354  2.67741  2.69355  4.24690  2.90347  2.73739  3.18146  2.89801  2.37887  2.77519  2.98518  4.58477  3.61503
          0.02145  4.24845  4.97080  0.61958  0.77255  0.48576  0.95510
     81   2.56237  4.24130  4.57375  3.99672  2.56858  4.08024  4.43079  1.78777  3.85920  2.03594  3.24569  4.14014  4.41227  4.04392  3.98229  3.39599  3.10215  1.42139  4.97345  3.67116    153 v - - -
          2.68618  4.42225  2.77519  2.73123  3.46354  2.40513  3.72494  3.29354  2.67741  2.69355  4.24690  2.90347  2.73739  3.18146  2.89801  2.37887  2.77519  2.98518  4.58477  3.61503
          0.02145  4.24845  4.97080  0.61958  0.77255  0.48576  0.95510
     82   3.10306  5.28800  3.55767  2.83944  4.73573  3.76341  3.68372  3.87637  1.22681  3.38311  4.35590  3.25982  4.10880  2.62101  1.64110  3.08707  3.26473  3.74822  5.55545  4.37021    154 k - - -
          2.68618  4.42225  2.77519  2.73123  3.46354  2.40513  3.72494  3.29354  2.67741  2.69355  4.24690  2.90347  2.73739  3.18146  2.89801  2.37887  2.77519  2.98518  4.58477  3.61503
          0.02145  4.24845  4.97080  0.61958  0.77255  0.48576  0.95510
     83   2.93289  5.10127  2.94381  2.62504  4.33929  3.52092  3.57179  3.91384  2.41230  3.43381  4.31834  3.11028  4.01983  1.16747  2.72286  2.94197  2.98671  3.57718  5.53625  4.18715    155 q - - -
          2.68618  4.42225  2.77519  2.73123  3.46354  2.40513  3.72494  3.29354  2.67741  2.69355  4.24690  2.90347  2.73739  3.18146  2.89801  2.37887  2.77519  2.98518  4.58477  3.61503
          0.02145  4.24845  4.97080  0.61958  0.77255  0.48576  0.95510
     84   2.49520  4.16514  4.42920  3.83994  2.15260  3.76319  4.24822  2.03172  3.69368  1.73350  3.02386  3.97857  4.26804  3.87206  3.81036  3.22788  2.99182  2.01346  4.80935  3.63323    156 l - - -
          2.68618  4.42225  2.77519  2.73123  3.46354  2.40513  3.72494  3.29354  2.67741  2.69355  4.24690  2.90347  2.73739  3.18146  2.89801  2.37887  2.77519  2.98518  4.58477  3.61503
          0.02145  4.24845  4.97080  0.61958  0.77255  0.48576  0.95510
     85   3.01030  4.43955  4.83362  4.25136  2.63062  4.33450  4.66626  1.93633  4.11345  1.14108  2.89545  4.40775  4.59968  4.22687  4.20035  3.66039  3.21399  1.93867  5.07730  3.96530    157 l - - -
          2.68618  4.42225  2.77519  2.73123  3.46354  2.40513  3.72494  3.29354  2.67741  2.69355  4.24690  2.90347  2.73739  3.18146  2.89801  2.37887  2.77519  2.98518  4.58477  3.61503
          0.02145  4.24845  4.97080  0.61958  0.77255  0.48576  0.95510
     86   2.64173  4.15579  4.25111  3.66543  2.86460  3.83064  3.93348  2.39178  3.52965  1.56103  2.82210  3.83567  4.18406  3.72332  3.67709  3.12492  2.94311  2.32602  4.67229  2.35559    158 l - - -
          2.68618  4.42225  2.77519  2.73123  3.46354  2.40513  3.72494  3.29354  2.67741  2.69355  4.24690  2.90347  2.73739  3.18146  2.89801  2.37887  2.77519  2.98518  4.58477  3.61503
          0.02145  4.24845  4.97080  0.61958  0.77255  0.48576  0.95510
     87   3.32925  4.59253  5.14513  4.62635  3.53612  4.75266  5.24732  0.97630  4.50664  1.67250  3.31841  4.83475  4.97600  4.69360  4.65075  4.13896  3.57628  1.65638  5.59625  4.45024    159 i - - -
          2.68618  4.42225  2.77519  2.73123  3.46354  2.40513  3.72494  3.29354  2.67741  2.69355  4.24690  2.90347  2.73739  3.18146  2.89801  2.37887  2.77519  2.98518  4.58477  3.61503
          0.02145  4.24845  4.97080  0.61958  0.77255  0.48576  0.95510
     88   2.77185  4.23658  4.44589  3.86202  2.84966  3.60063  4.32348  2.08928  3.72706  1.33707  3.07621  4.03149  4.33158  3.91081  3.86315  3.30289  3.06127  1.91105  4.88831  3.71933    160 l - - -
          2.68618  4.42225  2.77519  2.73123  3.46354  2.40513  3.72494  3.29354  2.67741  2.69355  4.24690  2.90347  2.73739  3.18146  2.89801  2.37887  2.77519  2.98518  4.58477  3.61503
          0.02145  4.24845  4.97080  0.61958  0.77255  0.48576  0.95510
     89   2.29393  3.94960  3.59843  3.04102  3.12251  3.28185  3.92762  2.70635  2.98817  2.58073  3.47748  3.39736  3.97049  3.28106  3.32168  1.79005  2.72574  2.40411  4.96155  3.73591    161 s - - -
          2.68618  4.42225  2.77519  2.73123  3.46354  2.40513  3.72494  3.29354  2.67741  2.69355  4.24690  2.90347  2.73739  3.18146  2.89801  2.37887  2.77519  2.98518  4.58477  3.61503
          0.02145  4.24845  4.97080  0.61958  0.77255  0.48576  0.95510
     90   0.75209  4.26791  3.74609  3.53293  4.47309  3.07011  4.53615  3.78236  3.57510  3.58307  4.45186  3.56372  3.85747  3.85690  3.82248  2.27290  2.87285  3.25183  5.86008  4.66244    162 a - - -
          2.68618  4.42225  2.77519  2.73123  3.46354  2.40513  3.72494  3.29354  2.67741  2.69355  4.24690  2.90347  2.73739  3.18146  2.89801  2.37887  2.77519  2.98518  4.58477  3.61503
          0.02145  4.24845  4.97080  0.61958  0.77255  0.48576  0.95510
     91   2.95008  4.34830  4.56063  3.97450  2.06003  4.10945  4.38242  2.40890  3.83292  1.54378  1.96640  4.14198  4.41292  3.97939  3.94783  3.41764  2.96739  2.32756  4.86278  3.55636    163 l - - -
          2.68618  4.42225  2.77519  2.73123  3.46354  2.40513  3.72494  3.29354  2.67741  2.69355  4.24690  2.90347  2.73739  3.18146  2.89801  2.37887  2.77519  2.98518  4.58477  3.61503
          0.02145  4.24845  4.97080  0.61958  0.77255  0.48576  0.95510
     92   2.50585  3.91815  3.89498  3.31862  3.07709  2.29416  3.99750  2.38499  3.22824  1.91642  3.18077  3.60127  4.07015  3.48125  3.47443  2.89357  2.86277  2.28604  4.78976  3.58702    164 l - - -
          2.68618  4.42225  2.77519  2.73123  3.46354  2.40513  3.72494  3.29354  2.67741  2.69355  4.24690  2.90347  2.73739  3.18146  2.89801  2.37887  2.77519  2.98518  4.58477  3.61503
          0.02145  4.24845  4.97080  0.61958  0.77255  0.48576  0.95510
     93   3.20194  4.92278  3.95105  3.90576  5.00848  0.32980  4.98578  4.71666  4.13712  4.31637  5.30698  4.11728  4.32402  4.43221  4.31573  3.38713  3.71181  4.17190  5.98715  5.12881    165 G - - -
          2.68618  4.42225  2.77519  2.73123  3.46354  2.40513  3.72494  3.29354  2.67741  2.69355  4.24690  2.90347  2.73739  3.18146  2.89801  2.37887  2.77519  2.98518  4.58477  3.61503
          0.02145  4.24845  4.97080  0.61958  0.77255  0.48576  0.95510
     94   1.02009  3.71313  3.88473  3.41644  3.99177  3.21374  4.28856  3.21071  3.33620  3.04538  3.70998  3.54607  3.89196  3.62429  3.62252  2.45183  2.63736  2.78031  5.42794  4.22822    166 a - - -
          2.68618  4.42225  2.77519  2.73123  3.46354  2.40513  3.72494  3.29354  2.67741  2.69355  4.24690  2.90347  2.73739  3.18146  2.89801  2.37887  2.77519  2.98518  4.58477  3.61503
          0.02145  4.24845  4.97080  0.61958  0.77255  0.48576  0.95510
     95   2.74022  5.08787  2.93197  2.43706  4.35184  3.47390  2.51561  3.83511  2.25251  3.35849  4.15079  2.54674  3.88203  1.91311  2.74792  2.72430  2.96604  3.46341  5.49781  3.75279    167 q - - -
          2.68618  4.42225  2.77519  2.73123  3.46354  2.40513  3.72494  3.29354  2.67741  2.69355  4.24690  2.90347  2.73739  3.18146  2.89801  2.37887  2.77519  2.98518  4.58477  3.61503
          0.02145  4.24845  4.97080  0.61958  0.77255  0.48576  0.95510
     96   2.53685  4.21965  3.86875  3.29721  3.35712  3.72169  4.03417  2.37570  3.21414  2.21493  2.89885  3.60546  4.10097  3.48195  3.48353  2.81219  1.92681  2.03953  4.87270  3.66561    168 t - - -
          2.68618  4.42225  2.77519  2.73123  3.46354  2.40513  3.72494  3.29354  2.67741  2.69355  4.24690  2.90347  2.73739  3.18146  2.89801  2.37887  2.77519  2.98518  4.58477  3.61503
          0.02145  4.24845  4.97080  0.61958  0.77255  0.48576  0.95510
     97   1.80946  4.34250  3.58847  3.43309  4.64399  0.91094  4.54961  4.03892  3.59616  3.76885  4.61199  3.53493  3.87757  3.85245  3.86956  2.59488  2.93263  3.43538  5.96416  4.79354    169 g - - -
          2.68618  4.42225  2.77519  2.73123  3.46354  2.40513  3.72494  3.29354  2.67741  2.69355  4.24690  2.90347  2.73739  3.18146  2.89801  2.37887  2.77519  2.98518  4.58477  3.61503
          0.02145  4.24845  4.97080  0.61958  0.77255  0.48576  0.95510
     98   2.41800  4.10559  3.99958  3.41560  3.09963  3.69880  3.90120  2.45560  3.30626  2.23506  3.08835  3.65121  4.06932  3.53800  3.50993  2.79393  2.48066  1.92024  4.44532  2.61752    170 v - - -
          2.68618  4.42225  2.77519  2.73123  3.46354  2.40513  3.72494  3.29354  2.67741  2.69355  4.24690  2.90347  2.73739  3.18146  2.89801  2.37887  2.77519  2.98518  4.58477  3.61503
          0.02145  4.24845  4.97080  0.61958  0.77255  0.48576  0.95510
     99   2.18201  4.33632  3.48785  2.71119  3.29333  3.44237  3.74209  2.49548  2.72639  2.29103  3.38283  3.23487  3.97148  3.17704  3.09007  2.66584  2.75613  2.56118  4.14087  3.51970    171 a - - -
          2.68618  4.42225  2.77519  2.73123  3.46354  2.40513  3.72494  3.29354  2.67741  2.69355  4.24690  2.90347  2.73739  3.18146  2.89801  2.37887  2.77519  2.98518  4.58477  3.61503
          0.02145  4.24845  4.97080  0.61958  0.77255  0.48576  0.95510
    100   2.84043  3.65898  4.62216  4.03726  2.94196  4.05421  4.40765  1.55117  3.88365  1.63302  3.12777  4.14447  4.38687  4.04980  3.97573  3.24243  3.07537  1.87155  4.92446  3.75226    172 i - - -
          2.68618  4.42225  2.77519  2.73123  3.46354  2.40513  3.72494  3.29354  2.67741  2.69355  4.24690  2.90347  2.73739  3.18146  2.89801  2.37887  2.77519  2.98518  4.58477  3.61503
          0.02145  4.24845  4.97080  0.61958  0.77255  0.48576  0.95510
    101   3.29358  4.55159  5.13963  4.62089  3.61909  4.74373  5.26626  0.96715  4.51543  1.94804  3.26756  4.82470  4.97664  4.72083  4.67231  4.12778  3.54221  1.46437  5.65183  4.49141    173 i - - -
          2.68618  4.42225  2.77519  2.73123  3.46354  2.40513  3.72494  3.29354  2.67741  2.69355  4.24690  2.90347  2.73739  3.18146  2.89801  2.37887  2.77519  2.98518  4.58477  3.61503
          0.02145  4.24845  4.97080  0.61958  0.77255  0.48576  0.95510
    102   2.64396  4.98442  2.96619  2.37174  4.27225  3.44075  3.38233  3.58891  2.15470  3.11033  4.04263  2.79148  3.83129  2.50260  2.52549  2.43238  2.32182  3.22717  5.44909  4.08635    174 k - - -
          2.68618  4.42225  2.77519  2.73123  3.46354  2.40513  3.72494  3.29354  2.67741  2.69355  4.24690  2.90347  2.73739  3.18146  2.89801  2.37887  2.77519  2.98518  4.58477  3.61503
          0.02145  4.24845  4.97080  0.61958  0.77255  0.48576  0.95510
    103   2.51341  4.16508  3.99575  3.41884  2.95013  3.73375  3.97212  2.55569  3.30495  2.06431  3.26414  3.48118  4.10289  3.54508  3.51850  3.01564  2.81180  2.36496  2.05014  3.21382    175 w - - -
          2.68618  4.42225  2.77519  2.73123  3.46354  2.40513  3.72494  3.29354  2.67741  2.69355  4.24690  2.90347  2.73739  3.18146  2.89801  2.37887  2.77519  2.98518  4.58477  3.61503
          0.02145  4.24845  4.97080  0.61958  0.77255  0.48576  0.95510
    104   3.14190  4.56244  5.00949  4.43316  2.83920  4.53185  4.86564  1.72263  4.30336  1.04317  2.86343  4.60905  4.74922  4.38182  4.37871  3.87095  3.47433  2.02512  5.19537  4.11415    176 l - - -
          2.68618  4.42225  2.77519  2.73123  3.46354  2.40513  3.72494  3.29354  2.67741  2.69355  4.24690  2.90347  2.73739  3.18146  2.89801  2.37887  2.77519  2.98518  4.58477  3.61503
          0.02145  4.24845  4.97080  0.61958  0.77255  0.48576  0.95510
    105   2.46111  3.17897  3.49064  2.77315  3.50924  3.57969  3.86096  2.70192  2.87549  2.57567  3.47019  3.33138  3.97308  2.87959  3.23007  2.83233  1.96883  2.40343  4.95232  3.71671    177 t - - -
          2.68618  4.42225  2.77519  2.73123  3.46354  2.40513  3.72494  3.29354  2.67741  2.69355  4.24690  2.90347  2.73739  3.18146  2.89801  2.37887  2.77519  2.98518  4.58477  3.61503
          0.02145  4.24845  4.97080  0.61958  0.77255  0.48576  0.95510
    106   2.78268  5.14742  2.90981  2.37565  4.48523  2.42422  3.66838  3.92249  2.08470  3.42847  4.22006  2.97048  3.90093  1.84214  2.59832  2.70117  3.00861  3.54088  5.57197  4.22629    178 q - - -
          2.68618  4.42225  2.77519  2.73123  3.46354  2.40513  3.72494  3.29354  2.67741  2.69355  4.24690  2.90347  2.73739  3.18146  2.89801  2.37887  2.77519  2.98518  4.58477  3.61503
          0.02145  4.24845  4.97080  0.61958  0.77255  0.48576  0.95510
    107   2.62514  3.76218  2.88246  1.90126  4.06826  2.67293  3.66151  3.40934  2.46120  3.08832  3.90066  2.93488  3.84584  2.81159  2.85828  2.58648  2.82105  3.00162  4.82662  3.99665    179 e - - -
          2.68618  4.42225  2.77519  2.73123  3.46354  2.40513  3.72494  3.29354  2.67741  2.69355  4.24690  2.90347  2.73739  3.18146  2.89801  2.37887  2.77519  2.98518  4.58477  3.61503
          0.02145  4.24845  4.97080  0.61958  0.77255  0.48576  0.95510
    108   2.57392  5.00900  2.89232  2.31746  4.04839  2.86603  2.56006  3.62532  2.24955  3.29103  4.06434  2.78257  3.81998  2.67191  2.54553  2.59653  2.74983  3.37245  5.47173  4.09687    180 k - - -
          2.68618  4.42225  2.77519  2.73123  3.46354  2.40513  3.72494  3.29354  2.67741  2.69355  4.24690  2.90347  2.73739  3.18146  2.89801  2.37887  2.77519  2.98518  4.58477  3.61503
          0.05232  4.24845  3.30535  0.61958  0.77255  0.48576  0.95510
    109   2.51812  4.54765  3.21847  2.47938  3.57336  3.36709  3.66039  2.29039  2.55381  2.67573  3.55671  3.02961  3.68679  2.86683  2.91585  2.44006  2.84341  2.77271  5.09760  3.82117    181 i - - -
          2.68618  4.42225  2.77519  2.73123  3.46354  2.40513  3.72494  3.29354  2.67741  2.69355  4.24690  2.90347  2.73739  3.18146  2.89801  2.37887  2.77519  2.98518  4.58477  3.61503
          0.20993  4.21825  1.74505  0.61958  0.77255  0.52456  0.89603
    110   2.49582  4.54869  3.12248  2.58794  3.77979  3.32421  3.69731  3.16541  2.51573  2.60951  3.68152  3.06287  3.59161  2.81694  2.96953  1.94814  2.76145  2.81230  5.12988  3.67908    182 s - - -
          2.68623  4.42232  2.77527  2.73130  3.46344  2.40518  3.72502  3.29357  2.67740  2.69358  4.24687  2.90350  2.73701  3.18154  2.89804  2.37883  2.77518  2.98526  4.58445  3.61510
          0.44699  1.02040        *  0.40146  1.10668  0.00000        *
//
